Interrupt method selected
Please, press PB0 to continue
PB0 pressed
4, 2, 15619, 596, 0, 0
6, 3, 1, 7, 50966, 0
8, 4, 1, 7, 33976, 6471
10, 5, 1, 8, 57481, 569
12, 6, 1, 22, 63972, 0
14, 7, 1, 19, 28751, 0
16, 8, 1, 13, 9022, 0
18, 9, 1, 28, 52523, 0
20, 10, 1, 27, 41549, 0
22, 11, 1, 37, 28634, 0
24, 12, 1, 33, 19690, 0
26, 13, 1, 17, 11219, 0
28, 14, 1, 18, 4758, 0
30, 15, 1, 32, 643, 0
32, 16, 1, 38, 60294, 0
34, 17, 1, 27, 56140, 0
36, 18, 1, 49, 53474, 0
38, 19, 1, 47, 48197, 0
40, 20, 1, 41, 47616, 0
42, 21, 1, 52, 44445, 0
44, 22, 1, 52, 40113, 0
46, 23, 1, 33, 39280, 0
48, 24, 1, 35, 37041, 0
50, 25, 1, 61, 35047, 0
52, 26, 1, 61, 34170, 0
54, 27, 1, 47, 30519, 0
56, 28, 1, 64, 30892, 0
58, 29, 1, 47, 29045, 0
60, 30, 1, 59, 27342, 0
62, 31, 1, 58, 27313, 0
64, 32, 1, 46, 26460, 0
66, 33, 1, 48, 24761, 0
68, 34, 1, 69, 24362, 0
70, 35, 1, 61, 23292, 0
72, 36, 9, 63, 20903, 0
74, 37, 63, 63, 26783, 0
76, 38, 108, 58, 19378, 0
78, 39, 64, 71, 19274, 0
80, 40, 2, 82, 17713, 0
82, 41, 97, 79, 18005, 0
84, 42, 24, 95, 16724, 0
86, 43, 317, 73, 19609, 0
88, 44, 144, 69, 16340, 0
90, 45, 248, 95, 17275, 0
92, 46, 210, 86, 16124, 0
94, 47, 123, 90, 14278, 0
96, 48, 94, 78, 13898, 0
98, 49, 21, 77, 13717, 0
100, 50, 263, 68, 13336, 0
102, 51, 545, 86, 13074, 0
104, 52, 827, 64, 12824, 0
106, 53, 1109, 66, 12581, 0
108, 54, 1370, 86, 12347, 0
110, 55, 1615, 98, 15347, 0
112, 56, 1830, 100, 15263, 0
114, 57, 4, 106, 10035, 0
116, 58, 275, 104, 9856, 0
118, 59, 1, 96, 10172, 0
120, 60, 258, 117, 10003, 0
122, 61, 493, 106, 9838, 0
124, 62, 718, 101, 9681, 0
126, 63, 976, 102, 9526, 0
128, 64, 1171, 100, 9378, 0
130, 65, 1398, 116, 9804, 0
132, 66, 662, 107, 8571, 0
134, 67, 851, 102, 8529, 0
136, 68, 1051, 118, 9458, 0
138, 69, 732, 132, 8702, 0
140, 70, 618, 133, 8787, 0
142, 71, 176, 114, 7140, 0
144, 72, 105, 129, 6962, 0
146, 73, 53, 129, 6851, 0
148, 74, 63, 121, 6759, 0
150, 75, 264, 121, 6670, 0
152, 76, 470, 105, 6581, 0
154, 77, 649, 106, 6496, 0
156, 78, 827, 122, 6413, 0
158, 79, 1000, 121, 6331, 0
160, 80, 1190, 118, 6253, 0
162, 81, 1370, 120, 6174, 0
164, 82, 1523, 121, 6099, 0
166, 83, 1693, 105, 6026, 0
168, 84, 1830, 104, 5954, 0
170, 85, 1959, 106, 5884, 0
172, 86, 2178, 120, 5815, 0
174, 87, 2297, 104, 5749, 0
176, 88, 2455, 118, 5683, 0
178, 89, 2620, 106, 5620, 0
180, 90, 2776, 119, 5557, 0
182, 91, 2865, 117, 5496, 0
184, 92, 2987, 119, 5436, 0
186, 93, 3120, 106, 5378, 0
188, 94, 3214, 104, 5321, 0
190, 95, 3347, 103, 5265, 0
192, 96, 3470, 104, 5210, 0
194, 97, 3606, 119, 5156, 0
196, 98, 3823, 117, 5103, 0
198, 99, 3836, 102, 5052, 0
200, 100, 3944, 118, 5001, 0
202, 101, 4047, 104, 4952, 0
204, 102, 4165, 102, 4903, 0
206, 103, 4311, 116, 4855, 0
208, 104, 4403, 104, 4809, 0
210, 105, 4560, 103, 4763, 0
212, 106, 4714, 115, 4718, 0
214, 107, 4671, 103, 4674, 0
216, 108, 4819, 104, 4631, 0
218, 109, 4900, 120, 4588, 0
220, 110, 4955, 145, 6186, 0
222, 111, 5100, 211, 8940, 0
224, 112, 5205, 214, 7435, 0
226, 113, 5272, 218, 5961, 0
228, 114, 2680, 179, 2696, 0
230, 115, 2398, 159, 2400, 0
232, 116, 2161, 163, 2163, 0
234, 117, 2335, 156, 2415, 0
236, 118, 2429, 157, 2436, 0
238, 119, 2636, 163, 2770, 0
240, 120, 2777, 155, 2780, 0
242, 121, 2848, 162, 2756, 0
244, 122, 2926, 176, 2733, 0
246, 123, 3011, 159, 2712, 0
248, 124, 3135, 160, 2690, 0
250, 125, 3257, 150, 2669, 0
252, 126, 3349, 170, 2647, 0
254, 127, 3497, 149, 2627, 0
256, 128, 3533, 156, 2606, 0
258, 129, 3617, 208, 4516, 0
260, 130, 3714, 240, 3402, 0
262, 131, 3790, 244, 3782, 0
264, 132, 1907, 237, 1284, 0
266, 133, 9, 224, 10, 0
268, 134, 2661, 196, 1865, 0
270, 135, 2778, 247, 3697, 0
272, 136, 2840, 244, 2017, 0
274, 137, 257, 236, 140, 0
276, 138, 2133, 209, 1972, 0
278, 139, 2295, 236, 1583, 0
280, 140, 1562, 251, 1686, 0
282, 141, 419, 238, 217, 0
284, 142, 459, 240, 330, 0
286, 143, 115, 239, 13, 0
288, 144, 125, 241, 24, 0
290, 145, 73, 242, 2, 0
292, 146, 53, 240, 2, 0
294, 147, 21, 240, 2, 0
296, 148, 63, 226, 2, 0
298, 149, 160, 226, 2, 0
300, 150, 263, 226, 2, 0
302, 151, 349, 226, 2, 0
304, 152, 470, 226, 2, 0
306, 153, 545, 226, 2, 0
308, 154, 650, 226, 2, 0
310, 155, 717, 226, 2, 0
312, 156, 827, 226, 2, 0
314, 157, 910, 226, 2, 0
316, 158, 999, 226, 2, 0
318, 159, 1110, 226, 2, 0
320, 160, 1190, 226, 2, 0
322, 161, 1274, 226, 2, 0
324, 162, 1371, 226, 2, 0
326, 163, 1436, 226, 2, 0
328, 164, 1524, 226, 2, 0
330, 165, 1616, 226, 2, 0
332, 166, 1694, 226, 2, 0
334, 167, 1771, 226, 2, 0
336, 168, 1831, 226, 2, 0
338, 169, 1971, 226, 2, 0
340, 170, 1961, 226, 2, 0
342, 171, 2057, 226, 2, 0
344, 172, 2179, 226, 2, 0
346, 173, 2223, 226, 2, 0
348, 174, 2299, 226, 2, 0
350, 175, 2380, 226, 2, 0
352, 176, 2456, 226, 2, 0
354, 177, 2510, 226, 2, 0
356, 178, 2621, 226, 2, 0
358, 179, 2792, 226, 2, 0
360, 180, 2777, 226, 2, 0
362, 181, 2762, 228, 2, 0
364, 182, 2865, 226, 2, 0
366, 183, 2920, 226, 2, 0
368, 184, 2988, 226, 2, 0
370, 185, 3040, 226, 2, 0
372, 186, 3121, 226, 2, 0
374, 187, 3179, 226, 2, 0
376, 188, 3216, 226, 2, 0
378, 189, 3306, 226, 2, 0
380, 190, 3348, 226, 2, 0
382, 191, 3430, 226, 3, 0
384, 192, 3472, 226, 2, 0
386, 193, 3527, 226, 2, 0
388, 194, 3607, 226, 2, 0
390, 195, 3662, 226, 2, 0
392, 196, 3739, 226, 1, 0
394, 197, 3806, 226, 2, 0
396, 198, 3835, 226, 1, 0
398, 199, 3876, 226, 1, 0
400, 200, 3945, 226, 1, 0
402, 201, 3999, 226, 1, 0
404, 202, 4049, 226, 2, 0
406, 203, 4102, 226, 1, 0
408, 204, 4165, 226, 1, 0
410, 205, 4238, 226, 1, 0
412, 206, 4311, 226, 1, 0
414, 207, 4344, 226, 1, 0
416, 208, 4434, 226, 1, 0
418, 209, 4451, 226, 1, 0
420, 210, 4560, 226, 1, 0
422, 211, 4663, 226, 1, 0
424, 212, 4715, 226, 1, 0
426, 213, 4693, 226, 1, 0
428, 214, 4671, 229, 1, 0
430, 215, 4798, 226, 1, 0
432, 216, 4819, 226, 1, 0
434, 217, 4850, 226, 1, 0
436, 218, 4900, 226, 1, 0
438, 219, 4944, 226, 1, 0
440, 220, 4996, 226, 1, 0
442, 221, 5025, 226, 1, 0
444, 222, 5100, 226, 1, 0
446, 223, 5152, 226, 1, 0
448, 224, 5166, 226, 1, 0
450, 225, 5229, 226, 1, 0
452, 226, 5306, 226, 1, 0
454, 227, 5346, 226, 1, 0
456, 228, 5358, 226, 1, 0
458, 229, 5455, 226, 1, 0
460, 230, 5472, 226, 1, 0
462, 231, 5528, 226, 1, 0
464, 232, 5575, 226, 1, 0
466, 233, 5609, 226, 1, 0
468, 234, 5649, 226, 1, 0
470, 235, 5671, 226, 1, 0
472, 236, 5729, 226, 1, 0
474, 237, 5783, 226, 1, 0
476, 238, 5831, 226, 1, 0
478, 239, 5855, 226, 1, 0
480, 240, 5899, 226, 1, 0
482, 241, 5950, 226, 1, 0
484, 242, 6007, 226, 1, 0
486, 243, 6012, 226, 1, 0
488, 244, 6144, 226, 1, 0
490, 245, 6119, 227, 1, 0
492, 246, 6095, 226, 1, 0
494, 247, 6153, 226, 1, 0
496, 248, 6189, 226, 1, 0
498, 249, 6244, 226, 1, 0
500, 250, 6283, 226, 1, 0
502, 251, 6325, 226, 1, 0
504, 252, 6364, 226, 1, 0
506, 253, 6419, 226, 1, 0
508, 254, 6439, 226, 1, 0
510, 255, 6475, 226, 1, 0
512, 256, 6507, 226, 1, 0
514, 257, 6529, 226, 1, 0
516, 258, 6586, 226, 1, 0
518, 259, 6616, 226, 1, 0
520, 260, 6647, 226, 1, 0
522, 261, 6701, 226, 1, 0
524, 262, 6732, 226, 1, 0
526, 263, 6756, 226, 1, 0
528, 264, 6789, 226, 1, 0
530, 265, 6836, 226, 1, 0
532, 266, 6852, 226, 1, 0
534, 267, 6888, 226, 1, 0
536, 268, 6926, 226, 1, 0
538, 269, 6959, 226, 1, 0
540, 270, 6992, 226, 1, 0
542, 271, 7020, 226, 1, 0
544, 272, 7039, 226, 1, 0
546, 273, 7075, 226, 1, 0
548, 274, 7113, 226, 1, 0
550, 275, 7199, 226, 1, 0
552, 276, 7243, 226, 1, 0
554, 277, 7218, 226, 1, 0
556, 278, 7192, 226, 1, 0
558, 279, 7260, 226, 1, 0
560, 280, 7277, 226, 1, 0
562, 281, 7292, 226, 1, 0
564, 282, 7336, 226, 1, 0
566, 283, 7350, 226, 1, 0
568, 284, 7377, 226, 1, 0
570, 285, 7404, 226, 1, 0
572, 286, 7437, 226, 1, 0
574, 287, 7463, 226, 1, 0
576, 288, 7519, 226, 1, 0
578, 289, 7546, 226, 1, 0
580, 290, 7583, 226, 1, 0
582, 291, 7596, 226, 1, 0
584, 292, 7624, 226, 1, 0
586, 293, 7676, 226, 1, 0
588, 294, 7690, 226, 1, 0
590, 295, 7718, 226, 1, 0
592, 296, 7746, 226, 1, 0
594, 297, 7767, 226, 1, 0
596, 298, 7790, 226, 1, 0
598, 299, 7821, 226, 1, 0
600, 300, 7839, 226, 1, 0
602, 301, 7849, 226, 1, 0
604, 302, 7907, 226, 1, 0
606, 303, 7917, 226, 1, 0
608, 304, 7945, 226, 1, 0
610, 305, 7979, 226, 1, 0
612, 306, 8018, 226, 1, 0
614, 307, 8014, 226, 1, 0
616, 308, 8113, 226, 1, 0
618, 309, 8087, 226, 1, 0
620, 310, 8062, 226, 1, 0
622, 311, 8102, 226, 1, 0
624, 312, 8124, 226, 1, 0
626, 313, 8161, 226, 1, 0
628, 314, 8186, 226, 1, 0
630, 315, 8212, 226, 1, 0
632, 316, 8239, 226, 1, 0
634, 317, 8277, 226, 1, 0
636, 318, 8287, 226, 1, 0
638, 319, 8304, 226, 1, 0
640, 320, 8331, 226, 1, 0
642, 321, 8341, 226, 1, 0
644, 322, 8381, 226, 1, 0
646, 323, 8400, 226, 1, 0
648, 324, 8419, 226, 1, 0
650, 325, 8458, 226, 1, 0
652, 326, 8476, 226, 1, 0
654, 327, 8492, 226, 1, 0
656, 328, 8512, 226, 1, 0
658, 329, 8544, 226, 1, 0
660, 330, 8553, 226, 1, 0
662, 331, 8557, 226, 1, 0
664, 332, 8603, 226, 1, 0
666, 333, 8625, 226, 1, 0
668, 334, 8627, 226, 1, 0
670, 335, 8664, 226, 1, 0
672, 336, 8674, 226, 1, 0
674, 337, 8697, 226, 1, 0
676, 338, 8724, 226, 1, 0
678, 339, 8789, 226, 1, 0
680, 340, 8820, 226, 1, 0
682, 341, 8794, 226, 1, 0
684, 342, 8770, 226, 1, 0
686, 343, 8819, 226, 1, 0
688, 344, 8830, 226, 1, 0
690, 345, 8837, 226, 1, 0
692, 346, 8869, 226, 1, 0
694, 347, 8876, 226, 1, 0
696, 348, 8892, 226, 1, 0
698, 349, 8929, 226, 1, 0
700, 350, 8935, 226, 1, 0
702, 351, 8952, 226, 1, 0
704, 352, 8993, 226, 1, 0
706, 353, 9010, 226, 1, 0
708, 354, 9036, 226, 1, 0
710, 355, 9043, 226, 1, 0
712, 356, 9063, 226, 1, 0
714, 357, 9101, 226, 1, 0
716, 358, 9108, 226, 1, 0
718, 359, 9112, 226, 1, 0
720, 360, 9147, 226, 1, 0
722, 361, 9160, 226, 1, 0
724, 362, 9175, 226, 1, 0
726, 363, 9197, 226, 1, 0
728, 364, 9200, 226, 1, 0
730, 365, 9228, 226, 1, 0
732, 366, 9256, 226, 1, 0
734, 367, 9261, 226, 1, 0
736, 368, 9281, 226, 1, 0
738, 369, 9306, 226, 1, 0
740, 370, 9333, 226, 1, 0
742, 371, 9327, 226, 1, 0
744, 372, 9405, 226, 1, 0
746, 373, 9381, 226, 1, 0
748, 374, 9356, 226, 1, 0
750, 375, 9385, 226, 1, 0
752, 376, 9400, 226, 1, 0
754, 377, 9427, 226, 1, 0
756, 378, 9444, 226, 1, 0
758, 379, 9464, 226, 1, 0
760, 380, 9470, 226, 1, 0
762, 381, 9510, 226, 1, 0
764, 382, 9516, 226, 1, 0
766, 383, 9527, 226, 1, 0
768, 384, 9546, 226, 1, 0
770, 385, 9551, 226, 2, 0
772, 386, 9582, 226, 1, 0
774, 387, 9595, 226, 2, 0
776, 388, 9603, 226, 2, 0
778, 389, 9637, 226, 2, 0
780, 390, 9650, 226, 1, 0
782, 391, 9658, 226, 1, 0
784, 392, 9672, 226, 0, 0
786, 393, 9697, 226, 1, 0
788, 394, 9702, 226, 1, 0
790, 395, 9699, 226, 0, 0
792, 396, 9735, 226, 0, 0
794, 397, 9755, 226, 0, 0
796, 398, 9765, 226, 0, 0
798, 399, 9777, 226, 0, 0
800, 400, 9785, 226, 0, 0
802, 401, 9800, 226, 0, 0
804, 402, 9820, 226, 0, 0
806, 403, 9872, 226, 0, 0
808, 404, 9896, 226, 0, 0
810, 405, 9872, 226, 0, 0
812, 406, 9848, 227, 0, 0
814, 407, 9889, 226, 0, 0
816, 408, 9893, 226, 0, 0
818, 409, 9897, 226, 0, 0
820, 410, 9922, 226, 0, 0
822, 411, 9925, 226, 0, 0
824, 412, 9936, 226, 0, 0
826, 413, 9964, 226, 0, 0
828, 414, 9965, 226, 0, 0
830, 415, 9977, 226, 0, 0
832, 416, 10010, 226, 0, 0
834, 417, 10023, 226, 0, 0
836, 418, 10042, 226, 0, 0
838, 419, 10045, 226, 0, 0
840, 420, 10059, 226, 0, 0
842, 421, 10089, 226, 0, 0
844, 422, 10093, 226, 0, 0
846, 423, 10108, 226, 0, 0
848, 424, 10121, 226, 0, 0
850, 425, 10130, 226, 0, 0
852, 426, 10141, 226, 0, 0
854, 427, 10158, 226, 0, 0
856, 428, 10164, 226, 0, 0
858, 429, 10181, 226, 0, 0
860, 430, 10200, 226, 0, 0
862, 431, 10204, 226, 0, 0
864, 432, 10218, 226, 0, 0
866, 433, 10236, 226, 0, 0
868, 434, 10249, 226, 0, 0
870, 435, 10251, 226, 0, 0
872, 436, 10315, 226, 0, 0
874, 437, 10292, 226, 0, 0
876, 438, 10270, 226, 0, 0
878, 439, 10293, 226, 0, 0
880, 440, 10303, 226, 0, 0
882, 441, 10324, 226, 0, 0
884, 442, 10336, 226, 0, 0
886, 443, 10351, 226, 0, 0
888, 444, 10355, 226, 0, 0
890, 445, 10380, 226, 0, 0
892, 446, 10390, 226, 0, 0
894, 447, 10403, 226, 0, 0
896, 448, 10412, 226, 0, 0
898, 449, 10415, 226, 0, 0
900, 450, 10439, 226, 0, 0
902, 451, 10447, 226, 0, 0
904, 452, 10457, 226, 0, 0
906, 453, 10479, 226, 0, 0
908, 454, 10489, 226, 0, 0
910, 455, 10495, 226, 0, 0
912, 456, 10506, 226, 0, 0
914, 457, 10525, 226, 0, 0
916, 458, 10526, 226, 0, 0
918, 459, 10538, 226, 0, 0
920, 460, 10554, 226, 0, 0
922, 461, 10566, 226, 0, 0
924, 462, 10562, 226, 0, 0
926, 463, 10585, 226, 0, 0
928, 464, 10590, 226, 0, 0
930, 465, 10601, 226, 0, 0
932, 466, 10617, 226, 0, 0
934, 467, 10660, 226, 0, 0
936, 468, 10679, 226, 0, 0
938, 469, 10657, 226, 0, 0
940, 470, 10633, 226, 0, 0
942, 471, 10668, 226, 0, 0
944, 472, 10669, 226, 0, 0
946, 473, 10672, 226, 0, 0
948, 474, 10679, 226, 0, 0
950, 475, 10683, 226, 0, 0
952, 476, 10700, 226, 0, 0
954, 477, 10709, 226, 0, 0
956, 478, 10724, 226, 0, 0
958, 479, 10731, 226, 0, 0
960, 480, 10758, 226, 0, 0
962, 481, 10769, 226, 0, 0
964, 482, 10782, 226, 0, 0
966, 483, 10784, 226, 0, 0
968, 484, 10796, 226, 0, 0
970, 485, 10819, 226, 0, 0
972, 486, 10821, 226, 0, 0
974, 487, 10831, 226, 0, 0
976, 488, 10844, 226, 0, 0
978, 489, 10849, 226, 0, 0
980, 490, 10857, 226, 0, 0
982, 491, 10869, 226, 0, 0
984, 492, 10868, 226, 0, 0
986, 493, 10886, 226, 0, 0
988, 494, 10903, 226, 0, 0
990, 495, 10905, 226, 0, 0
992, 496, 10916, 226, 0, 0
994, 497, 10936, 226, 0, 0
996, 498, 10940, 226, 0, 0
998, 499, 10942, 226, 0, 0
1000, 500, 10996, 226, 0, 0
1002, 501, 10974, 227, 0, 0
1004, 502, 10953, 226, 0, 0
1006, 503, 10972, 226, 0, 0
1008, 504, 10979, 226, 0, 0
1010, 505, 10996, 226, 0, 0
1012, 506, 11005, 226, 0, 0
1014, 507, 11016, 226, 0, 0
1016, 508, 11026, 226, 0, 0
1018, 509, 11045, 226, 0, 0
1020, 510, 11046, 226, 0, 0
1022, 511, 11055, 226, 0, 0
1024, 512, 11063, 226, 0, 0
1026, 513, 11064, 226, 0, 0
1028, 514, 11083, 226, 0, 0
1030, 515, 11090, 226, 0, 0
1032, 516, 11098, 226, 0, 0
1034, 517, 11117, 226, 0, 0
1036, 518, 11122, 226, 0, 0
1038, 519, 11127, 226, 0, 0
1040, 520, 11137, 226, 0, 0
1042, 521, 11151, 226, 0, 0
1044, 522, 11150, 226, 0, 0
1046, 523, 11150, 226, 0, 0
1048, 524, 11172, 226, 0, 0
1050, 525, 11185, 226, 0, 0
1052, 526, 11191, 226, 0, 0
1054, 527, 11195, 226, 0, 0
1056, 528, 11199, 226, 0, 0
1058, 529, 11208, 226, 0, 0
1060, 530, 11221, 226, 0, 0
1062, 531, 11258, 226, 0, 0
1064, 532, 11272, 226, 0, 0
1066, 533, 11253, 226, 0, 0
1068, 534, 11230, 227, 0, 0
1070, 535, 11260, 226, 0, 0
1072, 536, 11260, 226, 0, 0
1074, 537, 11262, 226, 0, 0
1076, 538, 11276, 226, 0, 0
1078, 539, 11277, 226, 0, 0
1080, 540, 11283, 226, 0, 0
1082, 541, 11302, 226, 0, 0
1084, 542, 11303, 226, 0, 0
1086, 543, 11307, 226, 0, 0
1088, 544, 11331, 226, 0, 0
1090, 545, 11337, 226, 0, 0
1092, 546, 11349, 226, 0, 0
1094, 547, 11351, 226, 0, 0
1096, 548, 11358, 226, 0, 0
1098, 549, 11378, 226, 0, 0
1100, 550, 11381, 226, 0, 0
1102, 551, 11388, 226, 0, 0
1104, 552, 11396, 226, 0, 0
1106, 553, 11401, 226, 0, 0
1108, 554, 11409, 226, 0, 0
1110, 555, 11417, 226, 0, 0
1112, 556, 11414, 226, 0, 0
1114, 557, 11430, 226, 0, 0
1116, 558, 11445, 226, 0, 0
1118, 559, 11444, 226, 0, 0
1120, 560, 11452, 226, 0, 0
1122, 561, 11464, 226, 0, 0
1124, 562, 11479, 226, 0, 0
1126, 563, 11473, 226, 0, 0
1128, 564, 11521, 226, 0, 0
1130, 565, 11499, 226, 0, 0
1132, 566, 11479, 226, 0, 0
1134, 567, 11495, 226, 0, 0
1136, 568, 11500, 226, 0, 0
1138, 569, 11515, 226, 0, 0
1140, 570, 11523, 226, 0, 0
1142, 571, 11533, 226, 0, 0
1144, 572, 11542, 226, 0, 0
1146, 573, 11557, 226, 0, 0
1148, 574, 11557, 226, 0, 0
1150, 575, 11561, 226, 0, 0
1152, 576, 11570, 226, 0, 0
1154, 577, 11571, 226, 0, 0
1156, 578, 11588, 226, 0, 0
1158, 579, 11592, 226, 0, 0
1160, 580, 11595, 226, 0, 0
1162, 581, 11613, 226, 0, 0
1164, 582, 11619, 226, 0, 0
1166, 583, 11621, 226, 0, 0
1168, 584, 11627, 226, 0, 0
1170, 585, 11639, 226, 0, 0
1172, 586, 11638, 226, 0, 0
1174, 587, 11635, 226, 0, 0
1176, 588, 11656, 226, 0, 0
1178, 589, 11663, 226, 0, 0
1180, 590, 11660, 226, 0, 0
1182, 591, 11677, 226, 0, 0
1184, 592, 11678, 226, 0, 0
1186, 593, 11685, 226, 0, 0
1188, 594, 11694, 226, 0, 0
1190, 595, 11727, 226, 0, 0
1192, 596, 11739, 226, 0, 0
1194, 597, 11722, 226, 0, 0
1196, 598, 11702, 226, 0, 0
1198, 599, 11724, 226, 0, 0
1200, 600, 11725, 226, 0, 0
1202, 601, 11725, 226, 0, 0
1204, 602, 11728, 226, 0, 0
1206, 603, 11731, 226, 0, 0
1208, 604, 11742, 226, 0, 0
1210, 605, 11749, 226, 0, 0
1212, 606, 11759, 226, 0, 0
1214, 607, 11761, 226, 0, 0
1216, 608, 11781, 226, 0, 0
1218, 609, 11790, 226, 0, 0
1220, 610, 11798, 226, 0, 0
1222, 611, 11797, 226, 0, 0
1224, 612, 11804, 226, 0, 0
1226, 613, 11822, 226, 0, 0
1228, 614, 11821, 226, 0, 0
1230, 615, 11831, 226, 0, 0
1232, 616, 11835, 226, 0, 0
1234, 617, 11838, 226, 0, 0
1236, 618, 11845, 226, 0, 0
1238, 619, 11851, 226, 0, 0
1240, 620, 11849, 226, 0, 0
1242, 621, 11862, 226, 0, 0
1244, 622, 11873, 226, 0, 0
1246, 623, 11874, 226, 0, 0
1248, 624, 11879, 226, 0, 0
1250, 625, 11893, 226, 0, 0
1252, 626, 11895, 226, 0, 0
1254, 627, 11895, 226, 0, 0
1256, 628, 11937, 226, 0, 0
1258, 629, 11918, 227, 0, 0
1260, 630, 11900, 226, 0, 0
1262, 631, 11913, 226, 0, 0
1264, 632, 11919, 226, 0, 0
1266, 633, 11930, 226, 0, 0
1268, 634, 11937, 226, 0, 0
1270, 635, 11944, 226, 0, 0
1272, 636, 11952, 226, 0, 0
1274, 637, 11959, 226, 0, 0
1276, 638, 11963, 226, 0, 0
1278, 639, 11966, 226, 0, 0
1280, 640, 11973, 226, 0, 0
1282, 641, 11976, 226, 0, 0
1284, 642, 11987, 226, 0, 0
1286, 643, 11993, 226, 0, 0
1288, 644, 11993, 226, 0, 0
1290, 645, 12010, 226, 0, 0
1292, 646, 12014, 226, 0, 0
1294, 647, 12015, 226, 0, 0
1296, 648, 12022, 226, 0, 0
1298, 649, 12032, 226, 0, 0
1300, 650, 12030, 226, 0, 0
1302, 651, 12030, 226, 0, 0
1304, 652, 12045, 226, 0, 0
1306, 653, 12051, 226, 0, 0
1308, 654, 12060, 226, 0, 0
1310, 655, 12060, 226, 0, 0
1312, 656, 12061, 226, 0, 0
1314, 657, 12071, 226, 0, 0
1316, 658, 12077, 226, 0, 0
1318, 659, 12104, 226, 0, 0
1320, 660, 12118, 226, 0, 0
1322, 661, 12098, 226, 0, 0
1324, 662, 12080, 226, 0, 0
1326, 663, 12102, 226, 0, 0
1328, 664, 12104, 226, 0, 0
1330, 665, 12100, 226, 0, 0
1332, 666, 12110, 226, 0, 0
1334, 667, 12105, 226, 0, 0
1336, 668, 12118, 226, 0, 0
1338, 669, 12119, 226, 0, 0
1340, 670, 12126, 226, 0, 0
1342, 671, 12131, 226, 0, 0
1344, 672, 12149, 226, 0, 0
1346, 673, 12152, 226, 0, 0
1348, 674, 12160, 226, 0, 0
1350, 675, 12159, 226, 0, 0
1352, 676, 12166, 226, 0, 0
1354, 677, 12183, 226, 0, 0
1356, 678, 12180, 226, 0, 0
1358, 679, 12178, 226, 0, 0
1360, 680, 12191, 226, 0, 0
1362, 681, 12193, 226, 0, 0
1364, 682, 12199, 226, 0, 0
1366, 683, 12207, 226, 0, 0
1368, 684, 12207, 226, 0, 0
1370, 685, 12204, 226, 0, 0
1372, 686, 12223, 226, 0, 0
1374, 687, 12221, 226, 0, 0
1376, 688, 12227, 226, 0, 0
1378, 689, 12240, 226, 0, 0
1380, 690, 12248, 226, 0, 0
1382, 691, 12242, 226, 0, 0
1384, 692, 12280, 226, 0, 0
1386, 693, 12264, 226, 0, 0
1388, 694, 12243, 227, 0, 0
1390, 695, 12255, 226, 0, 0
1392, 696, 12258, 226, 0, 0
1394, 697, 12269, 226, 0, 0
1396, 698, 12274, 226, 0, 0
1398, 699, 12280, 226, 0, 0
1400, 700, 12286, 226, 0, 0
1402, 701, 12297, 226, 0, 0
1404, 702, 12296, 226, 0, 0
1406, 703, 12301, 226, 0, 0
1408, 704, 12305, 226, 0, 0
1410, 705, 12304, 226, 0, 0
1412, 706, 12317, 226, 0, 0
1414, 707, 12320, 226, 0, 0
1416, 708, 12324, 226, 0, 0
1418, 709, 12335, 226, 0, 0
1420, 710, 12338, 226, 0, 0
1422, 711, 12339, 226, 0, 0
1424, 712, 12343, 226, 0, 0
1426, 713, 12353, 226, 0, 0
1428, 714, 12352, 226, 0, 0
1430, 715, 12349, 226, 0, 0
1432, 716, 12364, 226, 0, 0
1434, 717, 12369, 226, 0, 0
1436, 718, 12366, 226, 0, 0
1438, 719, 12377, 226, 0, 0
1440, 720, 12377, 226, 0, 0
1442, 721, 12383, 226, 0, 0
1444, 722, 12394, 226, 0, 0
1446, 723, 12419, 226, 0, 0
1448, 724, 12427, 226, 0, 0
1450, 725, 12410, 226, 0, 0
1452, 726, 12392, 226, 0, 0
1454, 727, 12410, 226, 0, 0
1456, 728, 12410, 226, 0, 0
1458, 729, 12409, 226, 0, 0
1460, 730, 12412, 226, 0, 0
1462, 731, 12412, 226, 0, 0
1464, 732, 12423, 226, 0, 0
1466, 733, 12435, 226, 0, 0
1468, 734, 12431, 226, 0, 0
1470, 735, 12433, 226, 0, 0
1472, 736, 12449, 226, 0, 0
1474, 737, 12453, 226, 0, 0
1476, 738, 12464, 226, 0, 0
1478, 739, 12461, 226, 0, 0
1480, 740, 12464, 226, 0, 0
1482, 741, 12477, 226, 0, 0
1484, 742, 12476, 226, 0, 0
1486, 743, 12481, 226, 0, 0
1488, 744, 12489, 226, 0, 0
1490, 745, 12489, 226, 0, 0
1492, 746, 12490, 226, 0, 0
1494, 747, 12497, 226, 0, 0
1496, 748, 12495, 226, 0, 0
1498, 749, 12507, 226, 0, 0
1500, 750, 12513, 226, 0, 0
1502, 751, 12511, 226, 0, 0
1504, 752, 12516, 226, 0, 0
1506, 753, 12531, 226, 0, 0
1508, 754, 12535, 226, 0, 0
1510, 755, 12526, 226, 0, 0
1512, 756, 12560, 226, 0, 0
1514, 757, 12548, 226, 0, 0
1516, 758, 12529, 226, 0, 0
1518, 759, 12538, 226, 0, 0
1520, 760, 12541, 226, 0, 0
1522, 761, 12554, 226, 0, 0
1524, 762, 12556, 226, 0, 0
1526, 763, 12560, 226, 0, 0
1528, 764, 12566, 226, 0, 0
1530, 765, 12578, 226, 0, 0
1532, 766, 12573, 226, 0, 0
1534, 767, 12576, 226, 0, 0
1536, 768, 12584, 226, 0, 0
1538, 769, 12581, 226, 0, 0
1540, 770, 12591, 226, 0, 0
1542, 771, 12598, 226, 0, 0
1544, 772, 12595, 226, 0, 0
1546, 773, 12607, 226, 0, 0
1548, 774, 12610, 226, 0, 0
1550, 775, 12612, 226, 0, 0
1552, 776, 12614, 226, 0, 0
1554, 777, 12627, 226, 0, 0
1556, 778, 12622, 226, 0, 0
1558, 779, 12617, 226, 0, 0
1560, 780, 12635, 226, 0, 0
1562, 781, 12636, 226, 0, 0
1564, 782, 12632, 226, 0, 0
1566, 783, 12645, 226, 0, 0
1568, 784, 12641, 226, 0, 0
1570, 785, 12647, 226, 0, 0
1572, 786, 12655, 226, 0, 0
1574, 787, 12676, 226, 0, 0
1576, 788, 12689, 226, 0, 0
1578, 789, 12669, 226, 0, 0
1580, 790, 12654, 226, 0, 0
1582, 791, 12672, 226, 0, 0
1584, 792, 12669, 226, 0, 0
1586, 793, 12672, 226, 0, 0
1588, 794, 12676, 226, 0, 0
1590, 795, 12670, 226, 0, 0
1592, 796, 12679, 226, 0, 0
1594, 797, 12689, 226, 0, 0
1596, 798, 12689, 226, 0, 0
1598, 799, 12688, 226, 0, 0
1600, 800, 12707, 226, 0, 0
1602, 801, 12705, 226, 0, 0
1604, 802, 12712, 226, 0, 0
1606, 803, 12712, 226, 0, 0
1608, 804, 12715, 226, 0, 0
1610, 805, 12729, 226, 0, 0
1612, 806, 12726, 226, 0, 0
1614, 807, 12727, 226, 0, 0
1616, 808, 12734, 226, 0, 0
1618, 809, 12739, 226, 0, 0
1620, 810, 12738, 226, 0, 0
1622, 811, 12748, 226, 0, 0
1624, 812, 12740, 226, 0, 0
1626, 813, 12753, 226, 0, 0
1628, 814, 12756, 226, 0, 0
1630, 815, 12755, 226, 0, 0
1632, 816, 12759, 226, 0, 0
1634, 817, 12770, 226, 0, 0
1636, 818, 12774, 226, 0, 0
1638, 819, 12773, 226, 0, 0
1640, 820, 12798, 226, 0, 0
1642, 821, 12788, 227, 0, 0
1644, 822, 12768, 226, 0, 0
1646, 823, 12782, 226, 0, 0
1648, 824, 12780, 226, 0, 0
1650, 825, 12792, 226, 0, 0
1652, 826, 12792, 226, 0, 0
1654, 827, 12800, 226, 0, 0
1656, 828, 12802, 226, 0, 0
1658, 829, 12808, 226, 0, 0
1660, 830, 12809, 226, 0, 0
1662, 831, 12811, 226, 0, 0
1664, 832, 12815, 226, 0, 0
1666, 833, 12813, 226, 0, 0
1668, 834, 12828, 226, 0, 0
1670, 835, 12825, 226, 0, 0
1672, 836, 12831, 226, 0, 0
1674, 837, 12838, 226, 0, 0
1676, 838, 12841, 226, 0, 0
1678, 839, 12840, 226, 0, 0
1680, 840, 12843, 226, 0, 0
1682, 841, 12855, 226, 0, 0
1684, 842, 12849, 226, 0, 0
1686, 843, 12847, 226, 0, 0
1688, 844, 12858, 226, 0, 0
1690, 845, 12862, 226, 0, 0
1692, 846, 12870, 226, 0, 0
1694, 847, 12867, 226, 0, 0
1696, 848, 12869, 226, 0, 0
1698, 849, 12871, 226, 0, 0
1700, 850, 12876, 226, 0, 0
1702, 851, 12901, 226, 0, 0
1704, 852, 12905, 226, 0, 0
1706, 853, 12891, 226, 0, 0
1708, 854, 12876, 226, 0, 0
1710, 855, 12890, 226, 0, 0
1712, 856, 12892, 226, 0, 0
1714, 857, 12889, 226, 0, 0
1716, 858, 12890, 226, 0, 0
1718, 859, 12898, 226, 0, 0
1720, 860, 12897, 226, 0, 0
1722, 861, 12899, 226, 0, 0
1724, 862, 12908, 226, 0, 0
1726, 863, 12906, 226, 0, 0
1728, 864, 12919, 226, 0, 0
1730, 865, 12925, 226, 0, 0
1732, 866, 12927, 226, 0, 0
1734, 867, 12926, 226, 0, 0
1736, 868, 12933, 226, 0, 0
1738, 869, 12940, 226, 0, 0
1740, 870, 12939, 226, 0, 0
1742, 871, 12940, 226, 0, 0
1744, 872, 12946, 226, 0, 0
1746, 873, 12946, 226, 0, 0
1748, 874, 12952, 226, 0, 0
1750, 875, 12954, 226, 0, 0
1752, 876, 12954, 226, 0, 0
1754, 877, 12961, 226, 0, 0
1756, 878, 12966, 226, 0, 0
1758, 879, 12963, 226, 0, 0
1760, 880, 12969, 226, 0, 0
1762, 881, 12978, 226, 0, 0
1764, 882, 12981, 226, 0, 0
1766, 883, 12974, 226, 0, 0
1768, 884, 13005, 226, 0, 0
1770, 885, 12989, 226, 0, 0
1772, 886, 12974, 226, 0, 0
1774, 887, 12983, 226, 0, 0
1776, 888, 12988, 226, 0, 0
1778, 889, 12992, 226, 0, 0
1780, 890, 12995, 226, 0, 0
1782, 891, 13001, 226, 0, 0
1784, 892, 13003, 226, 0, 0
1786, 893, 13008, 226, 0, 0
1788, 894, 13010, 226, 0, 0
1790, 895, 13015, 226, 0, 0
1792, 896, 13019, 226, 0, 0
1794, 897, 13014, 226, 0, 0
1796, 898, 13022, 226, 0, 0
1798, 899, 13026, 226, 0, 0
1800, 900, 13030, 226, 0, 0
1802, 901, 13035, 226, 0, 0
1804, 902, 13037, 226, 0, 0
1806, 903, 13037, 226, 0, 0
1808, 904, 13042, 226, 0, 0
1810, 905, 13047, 226, 0, 0
1812, 906, 13044, 226, 0, 0
1814, 907, 13040, 226, 0, 0
1816, 908, 13054, 226, 0, 0
1818, 909, 13059, 226, 0, 0
1820, 910, 13052, 226, 0, 0
1822, 911, 13060, 226, 0, 0
1824, 912, 13059, 226, 0, 0
1826, 913, 13065, 226, 0, 0
1828, 914, 13073, 226, 0, 0
1830, 915, 13088, 226, 0, 0
1832, 916, 13095, 226, 0, 0
1834, 917, 13080, 226, 0, 0
1836, 918, 13068, 226, 0, 0
1838, 919, 13084, 226, 0, 0
1840, 920, 13080, 226, 0, 0
1842, 921, 13078, 226, 0, 0
1844, 922, 13077, 226, 0, 0
1846, 923, 13079, 226, 0, 0
1848, 924, 13087, 226, 0, 0
1850, 925, 13099, 226, 0, 0
1852, 926, 13092, 226, 0, 0
1854, 927, 13094, 226, 0, 0
1856, 928, 13104, 226, 0, 0
1858, 929, 13107, 226, 0, 0
1860, 930, 13114, 226, 0, 0
1862, 931, 13115, 226, 0, 0
1864, 932, 13114, 226, 0, 0
1866, 933, 13124, 226, 0, 0
1868, 934, 13122, 226, 0, 0
1870, 935, 13125, 226, 0, 0
1872, 936, 13130, 226, 0, 0
1874, 937, 13132, 226, 0, 0
1876, 938, 13136, 226, 0, 0
1878, 939, 13136, 226, 0, 0
1880, 940, 13136, 226, 0, 0
1882, 941, 13139, 226, 0, 0
1884, 942, 13145, 226, 0, 0
1886, 943, 13144, 226, 0, 0
1888, 944, 13149, 226, 0, 0
1890, 945, 13156, 226, 0, 0
1892, 946, 13159, 226, 0, 0
1894, 947, 13154, 226, 0, 0
1896, 948, 13179, 226, 0, 0
1898, 949, 13166, 226, 0, 0
1900, 950, 13152, 226, 0, 0
1902, 951, 13160, 226, 0, 0
1904, 952, 13163, 226, 0, 0
1906, 953, 13170, 226, 0, 0
1908, 954, 13175, 226, 0, 0
1910, 955, 13180, 226, 0, 0
1912, 956, 13184, 226, 0, 0
1914, 957, 13187, 226, 0, 0
1916, 958, 13185, 226, 0, 0
1918, 959, 13187, 226, 0, 0
1920, 960, 13188, 226, 0, 0
1922, 961, 13187, 226, 0, 0
1924, 962, 13195, 226, 0, 0
1926, 963, 13197, 226, 0, 0
1928, 964, 13200, 226, 0, 0
1930, 965, 13209, 226, 0, 0
1932, 966, 13211, 226, 0, 0
1934, 967, 13212, 226, 0, 0
1936, 968, 13215, 226, 0, 0
1938, 969, 13217, 226, 0, 0
1940, 970, 13215, 226, 0, 0
1942, 971, 13211, 226, 0, 0
1944, 972, 13222, 226, 0, 0
1946, 973, 13224, 226, 0, 0
1948, 974, 13221, 226, 0, 0
1950, 975, 13228, 226, 0, 0
1952, 976, 13227, 226, 0, 0
1954, 977, 13230, 226, 0, 0
1956, 978, 13235, 226, 0, 0
1958, 979, 13253, 226, 0, 0
1960, 980, 13260, 226, 0, 0
1962, 981, 13248, 226, 0, 0
1964, 982, 13235, 226, 0, 0
1966, 983, 13248, 226, 0, 0
1968, 984, 13247, 226, 0, 0
1970, 985, 13246, 226, 0, 0
1972, 986, 13253, 226, 0, 0
1974, 987, 13251, 226, 0, 0
1976, 988, 13253, 226, 0, 0
1978, 989, 13262, 226, 0, 0
1980, 990, 13260, 226, 0, 0
1982, 991, 13261, 226, 0, 0
1984, 992, 13272, 226, 0, 0
1986, 993, 13274, 226, 0, 0
1988, 994, 13279, 226, 0, 0
1990, 995, 13278, 226, 0, 0
1992, 996, 13280, 226, 0, 0
1994, 997, 13290, 226, 0, 0
1996, 998, 13288, 226, 0, 0
1998, 999, 13291, 226, 0, 0
2000, 1000, 13294, 226, 0, 0
2002, 1001, 13294, 226, 0, 0
2004, 1002, 13296, 226, 0, 0
2006, 1003, 13294, 226, 0, 0
2008, 1004, 13300, 226, 0, 0
2010, 1005, 13303, 226, 0, 0
2012, 1006, 13309, 226, 0, 0
2014, 1007, 13307, 226, 0, 0
2016, 1008, 13310, 226, 0, 0
2018, 1009, 13314, 226, 0, 0
2020, 1010, 13320, 226, 0, 0
2022, 1011, 13351, 226, 0, 0
2024, 1012, 13338, 226, 0, 0
2026, 1013, 13325, 226, 0, 0
2028, 1014, 13312, 226, 0, 0
2030, 1015, 13318, 226, 0, 0
2032, 1016, 13320, 226, 0, 0
2034, 1017, 13326, 226, 0, 0
2036, 1018, 13327, 226, 0, 0
2038, 1019, 13330, 226, 0, 0
2040, 1020, 13333, 226, 0, 0
2042, 1021, 13336, 226, 0, 0
2044, 1022, 13337, 226, 0, 0
2046, 1023, 13337, 226, 0, 0
2048, 1024, 13340, 226, 0, 0
2050, 1025, 13339, 226, 0, 0
2052, 1026, 13347, 226, 0, 0
2054, 1027, 13348, 226, 0, 0
2056, 1028, 13348, 226, 0, 0
2058, 1029, 13357, 226, 0, 0
2060, 1030, 13358, 226, 0, 0
2062, 1031, 13358, 226, 0, 0
2064, 1032, 13360, 226, 0, 0
2066, 1033, 13371, 226, 0, 0
2068, 1034, 13368, 226, 0, 0
2070, 1035, 13364, 226, 0, 0
2072, 1036, 13373, 226, 0, 0
2074, 1037, 13376, 226, 0, 0
2076, 1038, 13369, 226, 0, 0
2078, 1039, 13376, 226, 0, 0
2080, 1040, 13374, 226, 0, 0
2082, 1041, 13377, 226, 0, 0
2084, 1042, 13382, 226, 0, 0
2086, 1043, 13398, 226, 0, 0
2088, 1044, 13404, 226, 0, 0
2090, 1045, 13392, 226, 0, 0
2092, 1046, 13386, 226, 0, 0
2094, 1047, 13396, 226, 0, 0
2096, 1048, 13394, 226, 0, 0
2098, 1049, 13391, 226, 0, 0
2100, 1050, 13395, 226, 0, 0
2102, 1051, 13388, 226, 0, 0
2104, 1052, 13393, 226, 0, 0
2106, 1053, 13395, 226, 0, 0
2108, 1054, 13399, 226, 0, 0
2110, 1055, 13400, 226, 0, 0
2112, 1056, 13410, 226, 0, 0
2114, 1057, 13417, 226, 0, 0
2116, 1058, 13419, 226, 0, 0
2118, 1059, 13416, 226, 0, 0
2120, 1060, 13417, 226, 0, 0
2122, 1061, 13424, 226, 0, 0
2124, 1062, 13423, 226, 0, 0
2126, 1063, 13421, 226, 0, 0
2128, 1064, 13428, 226, 0, 0
2130, 1065, 13429, 226, 0, 0
2132, 1066, 13435, 226, 0, 0
2134, 1067, 13437, 226, 0, 0
2136, 1068, 13435, 226, 0, 0
2138, 1069, 13436, 226, 0, 0
2140, 1070, 13441, 226, 0, 0
2142, 1071, 13440, 226, 0, 0
2144, 1072, 13443, 226, 0, 0
2146, 1073, 13447, 226, 0, 0
2148, 1074, 13458, 226, 0, 0
2150, 1075, 13450, 226, 0, 0
2152, 1076, 13471, 226, 0, 0
2154, 1077, 13457, 226, 0, 0
2156, 1078, 13445, 226, 0, 0
2158, 1079, 13452, 226, 0, 0
2160, 1080, 13454, 226, 0, 0
2162, 1081, 13465, 226, 0, 0
2164, 1082, 13465, 226, 0, 0
2166, 1083, 13466, 226, 0, 0
2168, 1084, 13466, 226, 0, 0
2170, 1085, 13473, 226, 0, 0
2172, 1086, 13472, 226, 0, 0
2174, 1087, 13474, 226, 0, 0
2176, 1088, 13480, 226, 0, 0
2178, 1089, 13476, 226, 0, 0
2180, 1090, 13481, 226, 0, 0
2182, 1091, 13481, 226, 0, 0
2184, 1092, 13482, 226, 0, 0
2186, 1093, 13489, 226, 0, 0
2188, 1094, 13496, 226, 0, 0
2190, 1095, 13493, 226, 0, 0
2192, 1096, 13492, 226, 0, 0
2194, 1097, 13496, 226, 0, 0
2196, 1098, 13495, 226, 0, 0
2198, 1099, 13492, 226, 0, 0
2200, 1100, 13506, 226, 0, 0
2202, 1101, 13505, 226, 0, 0
2204, 1102, 13505, 226, 0, 0
2206, 1103, 13505, 226, 0, 0
2208, 1104, 13505, 226, 0, 0
2210, 1105, 13508, 226, 0, 0
2212, 1106, 13516, 226, 0, 0
2214, 1107, 13529, 226, 0, 0
2216, 1108, 13532, 226, 0, 0
2218, 1109, 13520, 226, 0, 0
2220, 1110, 13508, 226, 0, 0
2222, 1111, 13525, 226, 0, 0
2224, 1112, 13521, 226, 0, 0
2226, 1113, 13516, 226, 0, 0
2228, 1114, 13521, 226, 0, 0
2230, 1115, 13516, 226, 0, 0
2232, 1116, 13527, 226, 0, 0
2234, 1117, 13526, 226, 0, 0
2236, 1118, 13526, 226, 0, 0
2238, 1119, 13527, 226, 0, 0
2240, 1120, 13536, 226, 0, 0
2242, 1121, 13543, 226, 0, 0
2244, 1122, 13544, 226, 0, 0
2246, 1123, 13539, 226, 0, 0
2248, 1124, 13541, 226, 0, 0
2250, 1125, 13550, 226, 0, 0
2252, 1126, 13553, 226, 0, 0
2254, 1127, 13552, 226, 0, 0
2256, 1128, 13552, 226, 0, 0
2258, 1129, 13553, 226, 0, 0
2260, 1130, 13554, 226, 0, 0
2262, 1131, 13556, 226, 0, 0
2264, 1132, 13558, 226, 0, 0
2266, 1133, 13559, 226, 0, 0
2268, 1134, 13564, 226, 0, 0
2270, 1135, 13569, 226, 0, 0
2272, 1136, 13568, 226, 0, 0
2274, 1137, 13568, 226, 0, 0
2276, 1138, 13574, 226, 0, 0
2278, 1139, 13569, 226, 0, 0
2280, 1140, 13594, 226, 0, 0
2282, 1141, 13579, 226, 0, 0
2284, 1142, 13567, 226, 0, 0
2286, 1143, 13573, 226, 0, 0
2288, 1144, 13579, 226, 0, 0
2290, 1145, 13581, 226, 0, 0
2292, 1146, 13581, 226, 0, 0
2294, 1147, 13585, 226, 0, 0
2296, 1148, 13589, 226, 0, 0
2298, 1149, 13592, 226, 0, 0
2300, 1150, 13591, 226, 0, 0
2302, 1151, 13593, 226, 0, 0
2304, 1152, 13600, 226, 0, 0
2306, 1153, 13595, 226, 0, 0
2308, 1154, 13598, 226, 0, 0
2310, 1155, 13600, 226, 0, 0
2312, 1156, 13607, 226, 0, 0
2314, 1157, 13609, 226, 0, 0
2316, 1158, 13607, 226, 0, 0
2318, 1159, 13607, 226, 0, 0
2320, 1160, 13615, 226, 0, 0
2322, 1161, 13616, 226, 0, 0
2324, 1162, 13611, 226, 0, 0
2326, 1163, 13609, 226, 0, 0
2328, 1164, 13623, 226, 0, 0
2330, 1165, 13620, 226, 0, 0
2332, 1166, 13621, 226, 0, 0
2334, 1167, 13622, 226, 0, 0
2336, 1168, 13625, 226, 0, 0
2338, 1169, 13624, 226, 0, 0
2340, 1170, 13627, 226, 0, 0
2342, 1171, 13642, 226, 0, 0
2344, 1172, 13650, 226, 0, 0
2346, 1173, 13634, 226, 0, 0
2348, 1174, 13623, 226, 0, 0
2350, 1175, 13640, 226, 0, 0
2352, 1176, 13635, 226, 0, 0
2354, 1177, 13630, 226, 0, 0
2356, 1178, 13630, 226, 0, 0
2358, 1179, 13638, 226, 0, 0
2360, 1180, 13635, 226, 0, 0
2362, 1181, 13642, 226, 0, 0
2364, 1182, 13646, 226, 0, 0
2366, 1183, 13642, 226, 0, 0
2368, 1184, 13648, 226, 0, 0
2370, 1185, 13650, 226, 0, 0
2372, 1186, 13658, 226, 0, 0
2374, 1187, 13652, 226, 0, 0
2376, 1188, 13653, 226, 0, 0
2378, 1189, 13668, 226, 0, 0
2380, 1190, 13662, 226, 0, 0
2382, 1191, 13661, 226, 0, 0
2384, 1192, 13664, 226, 0, 0
2386, 1193, 13667, 226, 0, 0
2388, 1194, 13664, 226, 0, 0
2390, 1195, 13662, 226, 0, 0
2392, 1196, 13673, 226, 0, 0
2394, 1197, 13665, 226, 0, 0
2396, 1198, 13674, 226, 0, 0
2398, 1199, 13679, 226, 0, 0
2400, 1200, 13677, 226, 0, 0
2402, 1201, 13678, 226, 0, 0
2404, 1202, 13680, 226, 0, 0
2406, 1203, 13681, 226, 0, 0
2408, 1204, 13698, 226, 0, 0
2410, 1205, 13687, 226, 0, 0
2412, 1206, 13681, 226, 0, 0
2414, 1207, 13681, 226, 0, 0
2416, 1208, 13683, 226, 0, 0
2418, 1209, 13693, 226, 0, 0
2420, 1210, 13690, 226, 0, 0
2422, 1211, 13692, 226, 0, 0
2424, 1212, 13701, 226, 0, 0
2426, 1213, 13700, 226, 0, 0
2428, 1214, 13698, 226, 0, 0
2430, 1215, 13706, 226, 0, 0
2432, 1216, 13702, 226, 0, 0
2434, 1217, 13699, 226, 0, 0
2436, 1218, 13712, 226, 0, 0
2438, 1219, 13708, 226, 0, 0
2440, 1220, 13706, 226, 0, 0
2442, 1221, 13720, 226, 0, 0
2444, 1222, 13715, 226, 0, 0
2446, 1223, 13713, 226, 0, 0
2448, 1224, 13714, 226, 0, 0
2450, 1225, 13721, 226, 0, 0
2452, 1226, 13716, 226, 0, 0
2454, 1227, 13714, 226, 0, 0
2456, 1228, 13724, 226, 0, 0
2458, 1229, 13724, 226, 0, 0
2460, 1230, 13733, 226, 0, 0
2462, 1231, 13727, 226, 0, 0
2464, 1232, 13724, 226, 0, 0
2466, 1233, 13734, 226, 0, 0
2468, 1234, 13731, 226, 0, 0
2470, 1235, 13743, 226, 0, 0
2472, 1236, 13755, 226, 0, 0
2474, 1237, 13739, 226, 0, 0
2476, 1238, 13726, 226, 0, 0
2478, 1239, 13722, 228, 0, 0
2480, 1240, 13735, 226, 0, 0
2482, 1241, 13734, 226, 0, 0
2484, 1242, 13743, 226, 0, 0
2486, 1243, 13732, 226, 0, 0
2488, 1244, 13737, 226, 0, 0
2490, 1245, 13742, 226, 0, 0
2492, 1246, 13740, 226, 0, 0
2494, 1247, 13742, 226, 0, 0
2496, 1248, 13753, 226, 0, 0
2498, 1249, 13750, 226, 0, 0
2500, 1250, 13762, 226, 0, 0
2502, 1251, 13754, 226, 0, 0
2504, 1252, 13754, 226, 0, 0
2506, 1253, 13767, 226, 0, 0
2508, 1254, 13760, 226, 0, 0
2510, 1255, 13761, 226, 0, 0
2512, 1256, 13768, 226, 0, 0
2514, 1257, 13763, 226, 0, 0
2516, 1258, 13764, 226, 0, 0
2518, 1259, 13765, 226, 0, 0
2520, 1260, 13766, 226, 0, 0
2522, 1261, 13772, 226, 0, 0
2524, 1262, 13774, 226, 0, 0
2526, 1263, 13771, 226, 0, 0
2528, 1264, 13779, 226, 0, 0
2530, 1265, 13776, 226, 0, 0
2532, 1266, 13781, 226, 0, 0
2534, 1267, 13780, 226, 0, 0
2536, 1268, 13795, 226, 0, 0
2538, 1269, 13792, 226, 0, 0
2540, 1270, 13775, 226, 0, 0
2542, 1271, 13779, 226, 0, 0
2544, 1272, 13785, 226, 0, 0
2546, 1273, 13784, 226, 0, 0
2548, 1274, 13787, 226, 0, 0
2550, 1275, 13791, 226, 0, 0
2552, 1276, 13787, 226, 0, 0
2554, 1277, 13803, 226, 0, 0
2556, 1278, 13794, 226, 0, 0
2558, 1279, 13796, 226, 0, 0
2560, 1280, 13800, 226, 0, 0
2562, 1281, 13795, 226, 0, 0
2564, 1282, 13808, 226, 0, 0
2566, 1283, 13802, 226, 0, 0
2568, 1284, 13802, 226, 0, 0
2570, 1285, 13812, 226, 0, 0
2572, 1286, 13808, 226, 0, 0
2574, 1287, 13816, 226, 0, 0
2576, 1288, 13810, 226, 0, 0
2578, 1289, 13813, 226, 0, 0
2580, 1290, 13816, 226, 0, 0
2582, 1291, 13808, 226, 0, 0
2584, 1292, 13816, 226, 0, 0
2586, 1293, 13818, 226, 0, 0
2588, 1294, 13819, 226, 0, 0
2590, 1295, 13824, 226, 0, 0
2592, 1296, 13818, 226, 0, 0
2594, 1297, 13828, 226, 0, 0
2596, 1298, 13824, 226, 0, 0
2598, 1299, 13836, 226, 0, 0
2600, 1300, 13845, 226, 0, 0
2602, 1301, 13830, 226, 0, 0
2604, 1302, 13827, 227, 0, 0
2606, 1303, 13829, 226, 0, 0
2608, 1304, 13828, 226, 0, 0
2610, 1305, 13829, 226, 0, 0
2612, 1306, 13830, 226, 0, 0
2614, 1307, 13835, 226, 0, 0
2616, 1308, 13829, 226, 0, 0
2618, 1309, 13835, 226, 0, 0
2620, 1310, 13834, 226, 0, 0
2622, 1311, 13833, 226, 0, 0
2624, 1312, 13845, 226, 0, 0
2626, 1313, 13841, 226, 0, 0
2628, 1314, 13853, 226, 0, 0
2630, 1315, 13843, 226, 0, 0
2632, 1316, 13845, 226, 0, 0
2634, 1317, 13854, 226, 0, 0
2636, 1318, 13850, 226, 0, 0
2638, 1319, 13857, 226, 0, 0
2640, 1320, 13853, 226, 0, 0
2642, 1321, 13862, 226, 0, 0
2644, 1322, 13855, 226, 0, 0
2646, 1323, 13857, 226, 0, 0
2648, 1324, 13859, 226, 0, 0
2650, 1325, 13854, 226, 0, 0
2652, 1326, 13868, 226, 0, 0
2654, 1327, 13860, 226, 0, 0
2656, 1328, 13870, 226, 0, 0
2658, 1329, 13866, 226, 0, 0
2660, 1330, 13870, 226, 0, 0
2662, 1331, 13868, 226, 0, 0
2664, 1332, 13882, 226, 0, 0
2666, 1333, 13878, 227, 0, 0
2668, 1334, 13862, 226, 0, 0
2670, 1335, 13875, 226, 0, 0
2672, 1336, 13868, 226, 0, 0
2674, 1337, 13873, 226, 0, 0
2676, 1338, 13876, 226, 0, 0
2678, 1339, 13876, 226, 0, 0
2680, 1340, 13879, 226, 0, 0
2682, 1341, 13880, 226, 0, 0
2684, 1342, 13887, 226, 0, 0
2686, 1343, 13881, 226, 0, 0
2688, 1344, 13891, 226, 0, 0
2690, 1345, 13881, 226, 0, 0
2692, 1346, 13888, 226, 0, 0
2694, 1347, 13889, 226, 0, 0
2696, 1348, 13889, 226, 0, 0
2698, 1349, 13897, 226, 0, 0
2700, 1350, 13894, 226, 0, 0
2702, 1351, 13898, 226, 0, 0
2704, 1352, 13894, 226, 0, 0
2706, 1353, 13905, 226, 0, 0
2708, 1354, 13896, 226, 0, 0
2710, 1355, 13902, 226, 0, 0
2712, 1356, 13901, 226, 0, 0
2714, 1357, 13902, 226, 0, 0
2716, 1358, 13905, 226, 0, 0
2718, 1359, 13904, 226, 0, 0
2720, 1360, 13906, 226, 0, 0
2722, 1361, 13905, 226, 0, 0
2724, 1362, 13912, 226, 0, 0
2726, 1363, 13920, 226, 0, 0
2728, 1364, 13930, 226, 0, 0
2730, 1365, 13914, 226, 0, 0
2732, 1366, 13912, 226, 0, 0
2734, 1367, 13912, 226, 0, 0
2736, 1368, 13912, 226, 0, 0
2738, 1369, 13910, 226, 0, 0
2740, 1370, 13914, 226, 0, 0
2742, 1371, 13910, 226, 0, 0
2744, 1372, 13913, 226, 0, 0
2746, 1373, 13921, 226, 0, 0
2748, 1374, 13916, 226, 0, 0
2750, 1375, 13920, 226, 0, 0
2752, 1376, 13923, 226, 0, 0
2754, 1377, 13929, 226, 0, 0
2756, 1378, 13927, 226, 0, 0
2758, 1379, 13931, 226, 0, 0
2760, 1380, 13927, 226, 0, 0
2762, 1381, 13940, 226, 0, 0
2764, 1382, 13931, 226, 0, 0
2766, 1383, 13941, 226, 0, 0
2768, 1384, 13934, 226, 0, 0
2770, 1385, 13943, 226, 0, 0
2772, 1386, 13935, 226, 0, 0
2774, 1387, 13938, 226, 0, 0
2776, 1388, 13937, 226, 0, 0
2778, 1389, 13941, 226, 0, 0
2780, 1390, 13944, 226, 0, 0
2782, 1391, 13941, 226, 0, 0
2784, 1392, 13944, 226, 0, 0
2786, 1393, 13946, 226, 0, 0
2788, 1394, 13952, 226, 0, 0
2790, 1395, 13946, 226, 0, 0
2792, 1396, 13965, 226, 0, 0
2794, 1397, 13953, 226, 0, 0
2796, 1398, 13946, 226, 0, 0
2798, 1399, 13948, 226, 0, 0
2800, 1400, 13952, 226, 0, 0
2802, 1401, 13952, 226, 0, 0
2804, 1402, 13958, 226, 0, 0
2806, 1403, 13956, 226, 0, 0
2808, 1404, 13962, 226, 0, 0
2810, 1405, 13962, 226, 0, 0
2812, 1406, 13965, 226, 0, 0
2814, 1407, 13961, 226, 0, 0
2816, 1408, 13967, 226, 0, 0
2818, 1409, 13960, 226, 0, 0
2820, 1410, 13971, 226, 0, 0
2822, 1411, 13966, 226, 0, 0
2824, 1412, 13972, 226, 0, 0
2826, 1413, 13971, 226, 0, 0
2828, 1414, 13977, 226, 0, 0
2830, 1415, 13971, 226, 0, 0
2832, 1416, 13977, 226, 0, 0
2834, 1417, 13976, 226, 0, 0
2836, 1418, 13979, 226, 0, 0
2838, 1419, 13971, 226, 0, 0
2840, 1420, 13983, 226, 0, 0
2842, 1421, 13979, 226, 0, 0
2844, 1422, 13981, 226, 0, 0
2846, 1423, 13981, 226, 0, 0
2848, 1424, 13984, 226, 0, 0
2850, 1425, 13982, 226, 0, 0
2852, 1426, 13989, 226, 0, 0
2854, 1427, 13996, 226, 0, 0
2856, 1428, 14004, 226, 0, 0
2858, 1429, 13991, 226, 0, 0
2860, 1430, 13984, 226, 0, 0
2862, 1431, 13989, 226, 0, 0
2864, 1432, 13991, 226, 0, 0
2866, 1433, 13986, 226, 0, 0
2868, 1434, 13992, 226, 0, 0
2870, 1435, 13986, 226, 0, 0
2872, 1436, 13991, 226, 0, 0
2874, 1437, 13990, 226, 0, 0
2876, 1438, 13993, 226, 0, 0
2878, 1439, 13993, 226, 0, 0
2880, 1440, 13999, 226, 0, 0
2882, 1441, 14000, 226, 0, 0
2884, 1442, 14002, 226, 0, 0
2886, 1443, 14010, 226, 0, 0
2888, 1444, 14001, 226, 0, 0
2890, 1445, 14017, 226, 0, 0
2892, 1446, 14006, 226, 0, 0
2894, 1447, 14015, 226, 0, 0
2896, 1448, 14009, 226, 0, 0
2898, 1449, 14016, 226, 0, 0
2900, 1450, 14009, 226, 0, 0
2902, 1451, 14018, 226, 0, 0
2904, 1452, 14011, 226, 0, 0
2906, 1453, 14014, 226, 0, 0
2908, 1454, 14017, 226, 0, 0
2910, 1455, 14019, 226, 0, 0
2912, 1456, 14017, 226, 0, 0
2914, 1457, 14022, 226, 0, 0
2916, 1458, 14023, 226, 0, 0
2918, 1459, 14020, 226, 0, 0
2920, 1460, 14035, 226, 0, 0
2922, 1461, 14026, 226, 0, 0
2924, 1462, 14017, 226, 0, 0
2926, 1463, 14020, 226, 0, 0
2928, 1464, 14030, 226, 0, 0
2930, 1465, 14025, 226, 0, 0
2932, 1466, 14034, 226, 0, 0
2934, 1467, 14028, 226, 0, 0
2936, 1468, 14032, 226, 0, 0
2938, 1469, 14032, 226, 0, 0
2940, 1470, 14036, 226, 0, 0
2942, 1471, 14034, 226, 0, 0
2944, 1472, 14037, 226, 0, 0
2946, 1473, 14033, 226, 0, 0
2948, 1474, 14038, 226, 0, 0
2950, 1475, 14038, 226, 0, 0
2952, 1476, 14036, 226, 0, 0
2954, 1477, 14052, 226, 0, 0
2956, 1478, 14043, 226, 0, 0
2958, 1479, 14049, 226, 0, 0
2960, 1480, 14043, 226, 0, 0
2962, 1481, 14052, 226, 0, 0
2964, 1482, 14045, 226, 0, 0
2966, 1483, 14050, 226, 0, 0
2968, 1484, 14049, 226, 0, 0
2970, 1485, 14052, 226, 0, 0
2972, 1486, 14048, 226, 0, 0
2974, 1487, 14051, 226, 0, 0
2976, 1488, 14059, 226, 0, 0
2978, 1489, 14052, 226, 0, 0
2980, 1490, 14062, 226, 0, 0
2982, 1491, 14065, 226, 0, 0
2984, 1492, 14074, 226, 0, 0
2986, 1493, 14060, 226, 0, 0
2988, 1494, 14054, 227, 0, 0
2990, 1495, 14042, 230, 0, 0
2992, 1496, 14058, 226, 0, 0
2994, 1497, 14066, 226, 0, 0
2996, 1498, 14059, 226, 0, 0
2998, 1499, 14063, 226, 0, 0
3000, 1500, 14058, 226, 0, 0
3002, 1501, 14068, 226, 0, 0
3004, 1502, 14061, 226, 0, 0
3006, 1503, 14064, 226, 0, 0
3008, 1504, 14068, 226, 0, 0
3010, 1505, 14069, 226, 0, 0
3012, 1506, 14081, 226, 0, 0
3014, 1507, 14069, 226, 0, 0
3016, 1508, 14078, 226, 0, 0
3018, 1509, 14076, 226, 0, 0
3020, 1510, 14080, 226, 0, 0
3022, 1511, 14073, 226, 0, 0
3024, 1512, 14079, 226, 0, 0
3026, 1513, 14078, 226, 0, 0
3028, 1514, 14077, 226, 0, 0
3030, 1515, 14088, 226, 0, 0
3032, 1516, 14077, 226, 0, 0
3034, 1517, 14083, 226, 0, 0
3036, 1518, 14084, 226, 0, 0
3038, 1519, 14085, 226, 0, 0
3040, 1520, 14084, 226, 0, 0
3042, 1521, 14087, 226, 0, 0
3044, 1522, 14100, 226, 0, 0
3046, 1523, 14086, 226, 0, 0
3048, 1524, 14108, 226, 0, 0
3050, 1525, 14092, 226, 0, 0
3052, 1526, 14087, 226, 0, 0
3054, 1527, 14088, 226, 0, 0
3056, 1528, 14089, 226, 0, 0
3058, 1529, 14102, 226, 0, 0
3060, 1530, 14093, 226, 0, 0
3062, 1531, 14101, 226, 0, 0
3064, 1532, 14096, 226, 0, 0
3066, 1533, 14101, 226, 0, 0
3068, 1534, 14099, 226, 0, 0
3070, 1535, 14098, 226, 0, 0
3072, 1536, 14109, 226, 0, 0
3074, 1537, 14098, 226, 0, 0
3076, 1538, 14109, 226, 0, 0
3078, 1539, 14103, 226, 0, 0
3080, 1540, 14106, 226, 0, 0
3082, 1541, 14109, 226, 0, 0
3084, 1542, 14108, 226, 0, 0
3086, 1543, 14116, 226, 0, 0
3088, 1544, 14108, 226, 0, 0
3090, 1545, 14117, 226, 0, 0
3092, 1546, 14110, 226, 0, 0
3094, 1547, 14109, 226, 0, 0
3096, 1548, 14114, 226, 0, 0
3098, 1549, 14114, 226, 0, 0
3100, 1550, 14123, 226, 0, 0
3102, 1551, 14116, 226, 0, 0
3104, 1552, 14118, 226, 0, 0
3106, 1553, 14117, 226, 0, 0
3108, 1554, 14118, 226, 0, 0
3110, 1555, 14138, 226, 0, 0
3112, 1556, 14133, 226, 0, 0
3114, 1557, 14129, 226, 0, 0
3116, 1558, 14116, 227, 0, 0
3118, 1559, 14123, 226, 0, 0
3120, 1560, 14131, 226, 0, 0
3122, 1561, 14120, 226, 0, 0
3124, 1562, 14129, 226, 0, 0
3126, 1563, 14122, 226, 0, 0
3128, 1564, 14124, 226, 0, 0
3130, 1565, 14127, 226, 0, 0
3132, 1566, 14124, 226, 0, 0
3134, 1567, 14132, 226, 0, 0
3136, 1568, 14131, 226, 0, 0
3138, 1569, 14134, 226, 0, 0
3140, 1570, 14134, 226, 0, 0
3142, 1571, 14132, 226, 0, 0
3144, 1572, 14141, 226, 0, 0
3146, 1573, 14139, 226, 0, 0
3148, 1574, 14141, 226, 0, 0
3150, 1575, 14139, 226, 0, 0
3152, 1576, 14139, 226, 0, 0
3154, 1577, 14148, 226, 0, 0
3156, 1578, 14140, 226, 0, 0
3158, 1579, 14146, 226, 0, 0
3160, 1580, 14142, 226, 0, 0
3162, 1581, 14143, 226, 0, 0
3164, 1582, 14154, 226, 0, 0
3166, 1583, 14144, 226, 0, 0
3168, 1584, 14150, 226, 0, 0
3170, 1585, 14149, 226, 0, 0
3172, 1586, 14151, 226, 0, 0
3174, 1587, 14156, 226, 0, 0
3176, 1588, 14162, 226, 0, 0
3178, 1589, 14158, 226, 0, 0
3180, 1590, 14146, 226, 0, 0
3182, 1591, 14149, 226, 0, 0
3184, 1592, 14157, 226, 0, 0
3186, 1593, 14153, 226, 0, 0
3188, 1594, 14157, 226, 0, 0
3190, 1595, 14156, 226, 0, 0
3192, 1596, 14157, 226, 0, 0
3194, 1597, 14168, 226, 0, 0
3196, 1598, 14160, 226, 0, 0
3198, 1599, 14162, 226, 0, 0
3200, 1600, 14171, 226, 0, 0
3202, 1601, 14159, 226, 0, 0
3204, 1602, 14169, 226, 0, 0
3206, 1603, 14164, 226, 0, 0
3208, 1604, 14164, 226, 0, 0
3210, 1605, 14178, 226, 0, 0
3212, 1606, 14169, 226, 0, 0
3214, 1607, 14173, 226, 0, 0
3216, 1608, 14169, 226, 0, 0
3218, 1609, 14171, 226, 0, 0
3220, 1610, 14179, 226, 0, 0
3222, 1611, 14168, 226, 0, 0
3224, 1612, 14176, 226, 0, 0
3226, 1613, 14176, 226, 0, 0
3228, 1614, 14175, 226, 0, 0
3230, 1615, 14182, 226, 0, 0
3232, 1616, 14175, 226, 0, 0
3234, 1617, 14177, 226, 0, 0
3236, 1618, 14188, 226, 0, 0
3238, 1619, 14188, 226, 0, 0
3240, 1620, 14196, 226, 0, 0
3242, 1621, 14184, 226, 0, 0
3244, 1622, 14174, 226, 0, 0
3246, 1623, 14190, 226, 0, 0
3248, 1624, 14181, 226, 0, 0
3250, 1625, 14181, 226, 0, 0
3252, 1626, 14193, 226, 0, 0
3254, 1627, 14178, 226, 0, 0
3256, 1628, 14186, 226, 0, 0
3258, 1629, 14182, 226, 0, 0
3260, 1630, 14183, 226, 0, 0
3262, 1631, 14192, 226, 0, 0
3264, 1632, 14189, 226, 0, 0
3266, 1633, 14192, 226, 0, 0
3268, 1634, 14193, 226, 0, 0
3270, 1635, 14190, 226, 0, 0
3272, 1636, 14197, 226, 0, 0
3274, 1637, 14197, 226, 0, 0
3276, 1638, 14195, 226, 0, 0
3278, 1639, 14204, 226, 0, 0
3280, 1640, 14198, 226, 0, 0
3282, 1641, 14199, 226, 0, 0
3284, 1642, 14209, 226, 0, 0
3286, 1643, 14199, 226, 0, 0
3288, 1644, 14204, 226, 0, 0
3290, 1645, 14197, 226, 0, 0
3292, 1646, 14203, 226, 0, 0
3294, 1647, 14209, 226, 0, 0
3296, 1648, 14203, 226, 0, 0
3298, 1649, 14207, 226, 0, 0
3300, 1650, 14218, 226, 0, 0
3302, 1651, 14205, 226, 0, 0
3304, 1652, 14223, 226, 0, 0
3306, 1653, 14211, 227, 0, 0
3308, 1654, 14202, 226, 0, 0
3310, 1655, 14212, 226, 0, 0
3312, 1656, 14207, 226, 0, 0
3314, 1657, 14209, 226, 0, 0
3316, 1658, 14219, 226, 0, 0
3318, 1659, 14212, 226, 0, 0
3320, 1660, 14215, 226, 0, 0
3322, 1661, 14227, 226, 0, 0
3324, 1662, 14215, 226, 0, 0
3326, 1663, 14220, 226, 0, 0
3328, 1664, 14218, 226, 0, 0
3330, 1665, 14215, 226, 0, 0
3332, 1666, 14225, 226, 0, 0
3334, 1667, 14220, 226, 0, 0
3336, 1668, 14219, 226, 0, 0
3338, 1669, 14231, 226, 0, 0
3340, 1670, 14224, 226, 0, 0
3342, 1671, 14224, 226, 0, 0
3344, 1672, 14234, 226, 0, 0
3346, 1673, 14227, 226, 0, 0
3348, 1674, 14228, 226, 0, 0
3350, 1675, 14234, 226, 0, 0
3352, 1676, 14229, 226, 0, 0
3354, 1677, 14234, 226, 0, 0
3356, 1678, 14231, 226, 0, 0
3358, 1679, 14230, 226, 0, 0
3360, 1680, 14235, 226, 0, 0
3362, 1681, 14231, 226, 0, 0
3364, 1682, 14233, 226, 0, 0
3366, 1683, 14250, 226, 0, 0
3368, 1684, 14246, 226, 0, 0
3370, 1685, 14238, 226, 0, 0
3372, 1686, 14238, 227, 0, 0
3374, 1687, 14236, 226, 0, 0
3376, 1688, 14237, 226, 0, 0
3378, 1689, 14243, 226, 0, 0
3380, 1690, 14236, 226, 0, 0
3382, 1691, 14235, 226, 0, 0
3384, 1692, 14246, 226, 0, 0
3386, 1693, 14236, 226, 0, 0
3388, 1694, 14241, 226, 0, 0
3390, 1695, 14238, 226, 0, 0
3392, 1696, 14243, 226, 0, 0
3394, 1697, 14248, 226, 0, 0
3396, 1698, 14246, 226, 0, 0
3398, 1699, 14244, 226, 0, 0
3400, 1700, 14251, 226, 0, 0
3402, 1701, 14250, 226, 0, 0
3404, 1702, 14248, 226, 0, 0
3406, 1703, 14257, 226, 0, 0
3408, 1704, 14251, 226, 0, 0
3410, 1705, 14250, 226, 0, 0
3412, 1706, 14259, 226, 0, 0
3414, 1707, 14249, 226, 0, 0
3416, 1708, 14252, 226, 0, 0
3418, 1709, 14262, 226, 0, 0
3420, 1710, 14256, 226, 0, 0
3422, 1711, 14255, 226, 0, 0
3424, 1712, 14265, 226, 0, 0
3426, 1713, 14258, 226, 0, 0
3428, 1714, 14262, 226, 0, 0
3430, 1715, 14267, 226, 0, 0
3432, 1716, 14271, 226, 0, 0
3434, 1717, 14265, 226, 0, 0
3436, 1718, 14265, 226, 0, 0
3438, 1719, 14259, 226, 0, 0
3440, 1720, 14261, 226, 0, 0
3442, 1721, 14273, 226, 0, 0
3444, 1722, 14263, 226, 0, 0
3446, 1723, 14267, 226, 0, 0
3448, 1724, 14276, 226, 0, 0
3450, 1725, 14269, 226, 0, 0
3452, 1726, 14270, 226, 0, 0
3454, 1727, 14279, 226, 0, 0
3456, 1728, 14269, 226, 0, 0
3458, 1729, 14270, 226, 0, 0
3460, 1730, 14282, 226, 0, 0
3462, 1731, 14271, 226, 0, 0
3464, 1732, 14275, 226, 0, 0
3466, 1733, 14286, 226, 0, 0
3468, 1734, 14276, 226, 0, 0
3470, 1735, 14278, 226, 0, 0
3472, 1736, 14287, 226, 0, 0
3474, 1737, 14279, 226, 0, 0
3476, 1738, 14280, 226, 0, 0
3478, 1739, 14285, 226, 0, 0
3480, 1740, 14280, 226, 0, 0
3482, 1741, 14283, 226, 0, 0
3484, 1742, 14292, 226, 0, 0
3486, 1743, 14282, 226, 0, 0
3488, 1744, 14283, 226, 0, 0
3490, 1745, 14292, 226, 0, 0
3492, 1746, 14284, 226, 0, 0
3494, 1747, 14295, 226, 0, 0
3496, 1748, 14306, 226, 0, 0
3498, 1749, 14289, 226, 0, 0
3500, 1750, 14282, 227, 0, 0
3502, 1751, 14296, 226, 0, 0
3504, 1752, 14286, 226, 0, 0
3506, 1753, 14285, 226, 0, 0
3508, 1754, 14292, 226, 0, 0
3510, 1755, 14286, 226, 0, 0
3512, 1756, 14286, 226, 0, 0
3514, 1757, 14298, 226, 0, 0
3516, 1758, 14288, 226, 0, 0
3518, 1759, 14288, 226, 0, 0
3520, 1760, 14301, 226, 0, 0
3522, 1761, 14294, 226, 0, 0
3524, 1762, 14295, 226, 0, 0
3526, 1763, 14301, 226, 0, 0
3528, 1764, 14295, 226, 0, 0
3530, 1765, 14300, 226, 0, 0
3532, 1766, 14304, 226, 0, 0
3534, 1767, 14300, 226, 0, 0
3536, 1768, 14300, 226, 0, 0
3538, 1769, 14305, 226, 0, 0
3540, 1770, 14301, 226, 0, 0
3542, 1771, 14298, 226, 0, 0
3544, 1772, 14305, 226, 0, 0
3546, 1773, 14311, 226, 0, 0
3548, 1774, 14305, 226, 0, 0
3550, 1775, 14307, 226, 0, 0
3552, 1776, 14316, 226, 0, 0
3554, 1777, 14307, 226, 0, 0
3556, 1778, 14312, 226, 0, 0
3558, 1779, 14316, 226, 0, 0
3560, 1780, 14319, 226, 0, 0
3562, 1781, 14312, 226, 0, 0
3564, 1782, 14312, 226, 0, 0
3566, 1783, 14308, 226, 0, 0
3568, 1784, 14308, 226, 0, 0
3570, 1785, 14317, 226, 0, 0
3572, 1786, 14312, 226, 0, 0
3574, 1787, 14313, 226, 0, 0
3576, 1788, 14319, 226, 0, 0
3578, 1789, 14316, 226, 0, 0
3580, 1790, 14316, 226, 0, 0
3582, 1791, 14320, 226, 0, 0
3584, 1792, 14328, 226, 0, 0
3586, 1793, 14316, 226, 0, 0
3588, 1794, 14321, 226, 0, 0
3590, 1795, 14329, 226, 0, 0
3592, 1796, 14320, 226, 0, 0
3594, 1797, 14323, 226, 0, 0
3596, 1798, 14331, 226, 0, 0
3598, 1799, 14323, 226, 0, 0
3600, 1800, 14323, 226, 0, 0
3602, 1801, 14332, 226, 0, 0
3604, 1802, 14325, 226, 0, 0
3606, 1803, 14325, 226, 0, 0
3608, 1804, 14331, 226, 0, 0
3610, 1805, 14340, 226, 0, 0
3612, 1806, 14329, 226, 0, 0
3614, 1807, 14331, 226, 0, 0
3616, 1808, 14338, 226, 0, 0
3618, 1809, 14329, 226, 0, 0
3620, 1810, 14331, 226, 0, 0
3622, 1811, 14348, 226, 0, 0
3624, 1812, 14343, 226, 0, 0
3626, 1813, 14335, 226, 0, 0
3628, 1814, 14333, 226, 0, 0
3630, 1815, 14334, 226, 0, 0
3632, 1816, 14333, 226, 0, 0
3634, 1817, 14334, 226, 0, 0
3636, 1818, 14345, 226, 0, 0
3638, 1819, 14332, 226, 0, 0
3640, 1820, 14333, 226, 0, 0
3642, 1821, 14341, 226, 0, 0
3644, 1822, 14335, 226, 0, 0
3646, 1823, 14334, 226, 0, 0
3648, 1824, 14346, 226, 0, 0
3650, 1825, 14341, 226, 0, 0
3652, 1826, 14342, 226, 0, 0
3654, 1827, 14344, 226, 0, 0
3656, 1828, 14353, 226, 0, 0
3658, 1829, 14346, 226, 0, 0
3660, 1830, 14346, 226, 0, 0
3662, 1831, 14354, 226, 0, 0
3664, 1832, 14347, 226, 0, 0
3666, 1833, 14346, 226, 0, 0
3668, 1834, 14352, 226, 0, 0
3670, 1835, 14349, 226, 0, 0
3672, 1836, 14347, 226, 0, 0
3674, 1837, 14352, 226, 0, 0
3676, 1838, 14362, 226, 0, 0
3678, 1839, 14350, 226, 0, 0
3680, 1840, 14351, 226, 0, 0
3682, 1841, 14361, 226, 0, 0
3684, 1842, 14356, 226, 0, 0
3686, 1843, 14353, 226, 0, 0
3688, 1844, 14370, 226, 0, 0
3690, 1845, 14370, 226, 0, 0
3692, 1846, 14350, 226, 0, 0
3694, 1847, 14355, 226, 0, 0
3696, 1848, 14363, 226, 0, 0
3698, 1849, 14356, 226, 0, 0
3700, 1850, 14357, 226, 0, 0
3702, 1851, 14364, 226, 0, 0
3704, 1852, 14358, 226, 0, 0
3706, 1853, 14361, 226, 0, 0
3708, 1854, 14364, 226, 0, 0
3710, 1855, 14372, 226, 0, 0
3712, 1856, 14362, 226, 0, 0
3714, 1857, 14360, 226, 0, 0
3716, 1858, 14371, 226, 0, 0
3718, 1859, 14365, 226, 0, 0
3720, 1860, 14364, 226, 0, 0
3722, 1861, 14372, 226, 0, 0
3724, 1862, 14379, 226, 0, 0
3726, 1863, 14368, 226, 0, 0
3728, 1864, 14368, 226, 0, 0
3730, 1865, 14378, 226, 0, 0
3732, 1866, 14369, 226, 0, 0
3734, 1867, 14367, 226, 0, 0
3736, 1868, 14376, 226, 0, 0
3738, 1869, 14384, 226, 0, 0
3740, 1870, 14373, 226, 0, 0
3742, 1871, 14373, 226, 0, 0
3744, 1872, 14380, 226, 0, 0
3746, 1873, 14374, 226, 0, 0
3748, 1874, 14375, 226, 0, 0
3750, 1875, 14388, 226, 0, 0
3752, 1876, 14398, 226, 0, 0
3754, 1877, 14379, 226, 0, 0
3756, 1878, 14372, 226, 0, 0
3758, 1879, 14385, 226, 0, 0
3760, 1880, 14377, 226, 0, 0
3762, 1881, 14375, 226, 0, 0
3764, 1882, 14381, 226, 0, 0
3766, 1883, 14387, 226, 0, 0
3768, 1884, 14376, 226, 0, 0
3770, 1885, 14379, 226, 0, 0
3772, 1886, 14385, 226, 0, 0
3774, 1887, 14379, 226, 0, 0
3776, 1888, 14383, 226, 0, 0
3778, 1889, 14386, 226, 0, 0
3780, 1890, 14396, 226, 0, 0
3782, 1891, 14384, 226, 0, 0
3784, 1892, 14384, 226, 0, 0
3786, 1893, 14395, 226, 0, 0
3788, 1894, 14388, 226, 0, 0
3790, 1895, 14388, 226, 0, 0
3792, 1896, 14391, 226, 0, 0
3794, 1897, 14398, 226, 0, 0
3796, 1898, 14390, 226, 0, 0
3798, 1899, 14391, 226, 0, 0
3800, 1900, 14395, 226, 0, 0
3802, 1901, 14403, 226, 0, 0
3804, 1902, 14394, 226, 0, 0
3806, 1903, 14392, 226, 0, 0
3808, 1904, 14401, 226, 0, 0
3810, 1905, 14397, 226, 0, 0
3812, 1906, 14396, 226, 0, 0
3814, 1907, 14397, 226, 0, 0
3816, 1908, 14417, 226, 0, 0
3818, 1909, 14400, 226, 0, 0
3820, 1910, 14392, 226, 0, 0
3822, 1911, 14400, 226, 0, 0
3824, 1912, 14408, 226, 0, 0
3826, 1913, 14399, 226, 0, 0
3828, 1914, 14400, 226, 0, 0
3830, 1915, 14408, 226, 0, 0
3832, 1916, 14400, 226, 0, 0
3834, 1917, 14404, 226, 0, 0
3836, 1918, 14406, 226, 0, 0
3838, 1919, 14414, 226, 0, 0
3840, 1920, 14404, 226, 0, 0
3842, 1921, 14402, 226, 0, 0
3844, 1922, 14411, 226, 0, 0
3846, 1923, 14419, 226, 0, 0
3848, 1924, 14406, 226, 0, 0
3850, 1925, 14410, 226, 0, 0
3852, 1926, 14417, 226, 0, 0
3854, 1927, 14410, 226, 0, 0
3856, 1928, 14409, 226, 0, 0
3858, 1929, 14414, 226, 0, 0
3860, 1930, 14420, 226, 0, 0
3862, 1931, 14409, 226, 0, 0
3864, 1932, 14412, 226, 0, 0
3866, 1933, 14418, 226, 0, 0
3868, 1934, 14423, 226, 0, 0
3870, 1935, 14414, 226, 0, 0
3872, 1936, 14413, 226, 0, 0
3874, 1937, 14421, 226, 0, 0
3876, 1938, 14417, 226, 0, 0
3878, 1939, 14424, 226, 0, 0
3880, 1940, 14428, 226, 0, 0
3882, 1941, 14428, 226, 0, 0
3884, 1942, 14413, 226, 0, 0
3886, 1943, 14419, 226, 0, 0
3888, 1944, 14420, 226, 0, 0
3890, 1945, 14425, 226, 0, 0
3892, 1946, 14419, 226, 0, 0
3894, 1947, 14415, 226, 0, 0
3896, 1948, 14421, 226, 0, 0
3898, 1949, 14429, 226, 0, 0
3900, 1950, 14419, 226, 0, 0
3902, 1951, 14419, 226, 0, 0
3904, 1952, 14429, 226, 0, 0
3906, 1953, 14437, 226, 0, 0
3908, 1954, 14426, 226, 0, 0
3910, 1955, 14424, 226, 0, 0
3912, 1956, 14432, 226, 0, 0
3914, 1957, 14430, 226, 0, 0
3916, 1958, 14428, 226, 0, 0
3918, 1959, 14429, 226, 0, 0
3920, 1960, 14438, 226, 0, 0
3922, 1961, 14430, 226, 0, 0
3924, 1962, 14430, 226, 0, 0
3926, 1963, 14430, 226, 0, 0
3928, 1964, 14439, 226, 0, 0
3930, 1965, 14429, 226, 0, 0
3932, 1966, 14434, 226, 0, 0
3934, 1967, 14435, 226, 0, 0
3936, 1968, 14443, 226, 0, 0
3938, 1969, 14436, 226, 0, 0
3940, 1970, 14437, 226, 0, 0
3942, 1971, 14438, 226, 0, 0
3944, 1972, 14457, 226, 0, 0
3946, 1973, 14440, 227, 0, 0
3948, 1974, 14432, 226, 0, 0
3950, 1975, 14439, 226, 0, 0
3952, 1976, 14447, 226, 0, 0
3954, 1977, 14438, 226, 0, 0
3956, 1978, 14438, 226, 0, 0
3958, 1979, 14445, 226, 0, 0
3960, 1980, 14453, 226, 0, 0
3962, 1981, 14444, 226, 0, 0
3964, 1982, 14442, 226, 0, 0
3966, 1983, 14448, 226, 0, 0
3968, 1984, 14456, 226, 0, 0
3970, 1985, 14442, 226, 0, 0
3972, 1986, 14445, 226, 0, 0
3974, 1987, 14451, 226, 0, 0
3976, 1988, 14458, 226, 0, 0
3978, 1989, 14448, 226, 0, 0
3980, 1990, 14448, 226, 0, 0
3982, 1991, 14454, 226, 0, 0
3984, 1992, 14462, 226, 0, 0
3986, 1993, 14451, 226, 0, 0
3988, 1994, 14449, 226, 0, 0
3990, 1995, 14454, 226, 0, 0
3992, 1996, 14465, 226, 0, 0
3994, 1997, 14453, 226, 0, 0
3996, 1998, 14452, 226, 0, 0
3998, 1999, 14460, 226, 0, 0
4000, 2000, 14466, 226, 0, 0
4002, 2001, 14453, 226, 0, 0
4004, 2002, 14455, 226, 0, 0
4006, 2003, 14478, 226, 0, 0
4008, 2004, 14479, 226, 0, 0
4010, 2005, 14458, 226, 0, 0
4012, 2006, 14451, 226, 0, 0
4014, 2007, 14463, 226, 0, 0
4016, 2008, 14469, 226, 0, 0
4018, 2009, 14454, 226, 0, 0
4020, 2010, 14453, 226, 0, 0
4022, 2011, 14462, 226, 0, 0
4024, 2012, 14469, 226, 0, 0
4026, 2013, 14459, 226, 0, 0
4028, 2014, 14457, 226, 0, 0
4030, 2015, 14463, 226, 0, 0
4032, 2016, 14475, 226, 0, 0
4034, 2017, 14462, 226, 0, 0
4036, 2018, 14463, 226, 0, 0
4038, 2019, 14468, 226, 0, 0
4040, 2020, 14476, 226, 0, 0
4042, 2021, 14467, 226, 0, 0
4044, 2022, 14465, 226, 0, 0
4046, 2023, 14471, 226, 0, 0
4048, 2024, 14479, 226, 0, 0
4050, 2025, 14467, 226, 0, 0
4052, 2026, 14467, 226, 0, 0
4054, 2027, 14473, 226, 0, 0
4056, 2028, 14479, 226, 0, 0
4058, 2029, 14466, 226, 0, 0
4060, 2030, 14471, 226, 0, 0
4062, 2031, 14473, 226, 0, 0
4064, 2032, 14481, 226, 0, 0
4066, 2033, 14473, 226, 0, 0
4068, 2034, 14472, 226, 0, 0
4070, 2035, 14474, 226, 0, 0
4072, 2036, 14492, 226, 0, 0
4074, 2037, 14477, 226, 0, 0
4076, 2038, 14469, 226, 0, 0
4078, 2039, 14474, 226, 0, 0
4080, 2040, 14481, 226, 0, 0
4082, 2041, 14475, 226, 0, 0
4084, 2042, 14476, 226, 0, 0
4086, 2043, 14477, 226, 0, 0
4088, 2044, 14485, 226, 0, 0
4090, 2045, 14479, 226, 0, 0
4092, 2046, 14479, 226, 0, 0
4094, 2047, 14478, 226, 0, 0
4096, 2048, 14486, 226, 0, 0
4098, 2049, 14491, 226, 0, 0
4100, 2050, 14482, 226, 0, 0
4102, 2051, 14481, 226, 0, 0
4104, 2052, 14486, 226, 0, 0
4106, 2053, 14496, 226, 0, 0
4108, 2054, 14485, 226, 0, 0
4110, 2055, 14484, 226, 0, 0
4112, 2056, 14488, 226, 0, 0
4114, 2057, 14497, 226, 0, 0
4116, 2058, 14486, 226, 0, 0
4118, 2059, 14486, 226, 0, 0
4120, 2060, 14489, 226, 0, 0
4122, 2061, 14497, 226, 0, 0
4124, 2062, 14490, 226, 0, 0
4126, 2063, 14489, 226, 0, 0
4128, 2064, 14488, 226, 0, 0
4130, 2065, 14496, 226, 0, 0
4132, 2066, 14504, 226, 0, 0
4134, 2067, 14506, 226, 0, 0
4136, 2068, 14500, 226, 0, 0
4138, 2069, 14499, 226, 0, 0
4140, 2070, 14499, 227, 0, 0
4142, 2071, 14481, 231, 0, 0
4144, 2072, 14491, 226, 0, 0
4146, 2073, 14493, 226, 0, 0
4148, 2074, 14502, 226, 0, 0
4150, 2075, 14490, 226, 0, 0
4152, 2076, 14491, 226, 0, 0
4154, 2077, 14492, 226, 0, 0
4156, 2078, 14500, 226, 0, 0
4158, 2079, 14507, 226, 0, 0
4160, 2080, 14497, 226, 0, 0
4162, 2081, 14497, 226, 0, 0
4164, 2082, 14504, 226, 0, 0
4166, 2083, 14510, 226, 0, 0
4168, 2084, 14499, 226, 0, 0
4170, 2085, 14502, 226, 0, 0
4172, 2086, 14504, 226, 0, 0
4174, 2087, 14512, 226, 0, 0
4176, 2088, 14503, 226, 0, 0
4178, 2089, 14502, 226, 0, 0
4180, 2090, 14503, 226, 0, 0
4182, 2091, 14508, 226, 0, 0
4184, 2092, 14517, 226, 0, 0
4186, 2093, 14505, 226, 0, 0
4188, 2094, 14506, 226, 0, 0
4190, 2095, 14509, 226, 0, 0
4192, 2096, 14517, 226, 0, 0
4194, 2097, 14508, 226, 0, 0
4196, 2098, 14509, 226, 0, 0
4198, 2099, 14508, 226, 0, 0
4200, 2100, 14526, 226, 0, 0
4202, 2101, 14511, 226, 0, 0
4204, 2102, 14505, 226, 0, 0
4206, 2103, 14507, 226, 0, 0
4208, 2104, 14513, 226, 0, 0
4210, 2105, 14523, 226, 0, 0
4212, 2106, 14511, 226, 0, 0
4214, 2107, 14511, 226, 0, 0
4216, 2108, 14515, 226, 0, 0
4218, 2109, 14525, 226, 0, 0
4220, 2110, 14514, 226, 0, 0
4222, 2111, 14514, 226, 0, 0
4224, 2112, 14514, 226, 0, 0
4226, 2113, 14520, 226, 0, 0
4228, 2114, 14530, 226, 0, 0
4230, 2115, 14516, 226, 0, 0
4232, 2116, 14516, 226, 0, 0
4234, 2117, 14523, 226, 0, 0
4236, 2118, 14530, 226, 0, 0
4238, 2119, 14519, 226, 0, 0
4240, 2120, 14519, 226, 0, 0
4242, 2121, 14521, 226, 0, 0
4244, 2122, 14527, 226, 0, 0
4246, 2123, 14532, 226, 0, 0
4248, 2124, 14522, 226, 0, 0
4250, 2125, 14522, 226, 0, 0
4252, 2126, 14527, 226, 0, 0
4254, 2127, 14533, 226, 0, 0
4256, 2128, 14523, 226, 0, 0
4258, 2129, 14523, 226, 0, 0
4260, 2130, 14525, 226, 0, 0
4262, 2131, 14539, 226, 0, 0
4264, 2132, 14548, 226, 0, 0
4266, 2133, 14528, 226, 0, 0
4268, 2134, 14521, 226, 0, 0
4270, 2135, 14530, 226, 0, 0
4272, 2136, 14535, 226, 0, 0
4274, 2137, 14525, 226, 0, 0
4276, 2138, 14526, 226, 0, 0
4278, 2139, 14523, 226, 0, 0
4280, 2140, 14531, 226, 0, 0
4282, 2141, 14538, 226, 0, 0
4284, 2142, 14527, 226, 0, 0
4286, 2143, 14526, 226, 0, 0
4288, 2144, 14533, 226, 0, 0
4290, 2145, 14540, 226, 0, 0
4292, 2146, 14533, 226, 0, 0
4294, 2147, 14531, 226, 0, 0
4296, 2148, 14531, 226, 0, 0
4298, 2149, 14540, 226, 0, 0
4300, 2150, 14546, 226, 0, 0
4302, 2151, 14535, 226, 0, 0
4304, 2152, 14536, 226, 0, 0
4306, 2153, 14536, 226, 0, 0
4308, 2154, 14543, 226, 0, 0
4310, 2155, 14548, 226, 0, 0
4312, 2156, 14535, 226, 0, 0
4314, 2157, 14537, 226, 0, 0
4316, 2158, 14542, 226, 0, 0
4318, 2159, 14547, 226, 0, 0
4320, 2160, 14539, 226, 0, 0
4322, 2161, 14540, 226, 0, 0
4324, 2162, 14542, 226, 0, 0
4326, 2163, 14545, 226, 0, 0
4328, 2164, 14562, 226, 0, 0
4330, 2165, 14544, 226, 0, 0
4332, 2166, 14537, 226, 0, 0
4334, 2167, 14540, 226, 0, 0
4336, 2168, 14547, 226, 0, 0
4338, 2169, 14556, 226, 0, 0
4340, 2170, 14543, 226, 0, 0
4342, 2171, 14544, 226, 0, 0
4344, 2172, 14547, 226, 0, 0
4346, 2173, 14557, 226, 0, 0
4348, 2174, 14547, 226, 0, 0
4350, 2175, 14546, 226, 0, 0
4352, 2176, 14547, 226, 0, 0
4354, 2177, 14550, 226, 0, 0
4356, 2178, 14559, 226, 0, 0
4358, 2179, 14549, 226, 0, 0
4360, 2180, 14549, 226, 0, 0
4362, 2181, 14551, 226, 0, 0
4364, 2182, 14557, 226, 0, 0
4366, 2183, 14564, 226, 0, 0
4368, 2184, 14551, 226, 0, 0
4370, 2185, 14553, 226, 0, 0
4372, 2186, 14553, 226, 0, 0
4374, 2187, 14560, 226, 0, 0
4376, 2188, 14568, 226, 0, 0
4378, 2189, 14556, 226, 0, 0
4380, 2190, 14555, 226, 0, 0
4382, 2191, 14557, 226, 0, 0
4384, 2192, 14563, 226, 0, 0
4386, 2193, 14556, 226, 0, 0
4388, 2194, 14557, 226, 0, 0
4390, 2195, 14563, 226, 0, 0
4392, 2196, 14570, 226, 0, 0
4394, 2197, 14570, 226, 0, 0
4396, 2198, 14554, 227, 0, 0
4398, 2199, 14558, 226, 0, 0
4400, 2200, 14557, 226, 0, 0
4402, 2201, 14561, 226, 0, 0
4404, 2202, 14569, 226, 0, 0
4406, 2203, 14557, 226, 0, 0
4408, 2204, 14557, 226, 0, 0
4410, 2205, 14556, 226, 0, 0
4412, 2206, 14564, 226, 0, 0
4414, 2207, 14570, 226, 0, 0
4416, 2208, 14563, 226, 0, 0
4418, 2209, 14562, 226, 0, 0
4420, 2210, 14564, 226, 0, 0
4422, 2211, 14569, 226, 0, 0
4424, 2212, 14576, 226, 0, 0
4426, 2213, 14567, 226, 0, 0
4428, 2214, 14565, 226, 0, 0
4430, 2215, 14567, 226, 0, 0
4432, 2216, 14574, 226, 0, 0
4434, 2217, 14580, 226, 0, 0
4436, 2218, 14567, 226, 0, 0
4438, 2219, 14565, 226, 0, 0
4440, 2220, 14568, 226, 0, 0
4442, 2221, 14573, 226, 0, 0
4444, 2222, 14585, 226, 0, 0
4446, 2223, 14569, 226, 0, 0
4448, 2224, 14570, 226, 0, 0
4450, 2225, 14573, 226, 0, 0
4452, 2226, 14582, 226, 0, 0
4454, 2227, 14585, 226, 0, 0
4456, 2228, 14581, 226, 0, 0
4458, 2229, 14574, 226, 0, 0
4460, 2230, 14570, 226, 0, 0
4462, 2231, 14579, 226, 0, 0
4464, 2232, 14586, 226, 0, 0
4466, 2233, 14574, 226, 0, 0
4468, 2234, 14574, 226, 0, 0
4470, 2235, 14577, 226, 0, 0
4472, 2236, 14582, 226, 0, 0
4474, 2237, 14593, 226, 0, 0
4476, 2238, 14577, 226, 0, 0
4478, 2239, 14577, 226, 0, 0
4480, 2240, 14579, 226, 0, 0
4482, 2241, 14584, 226, 0, 0
4484, 2242, 14594, 226, 0, 0
4486, 2243, 14579, 226, 0, 0
4488, 2244, 14579, 226, 0, 0
4490, 2245, 14583, 226, 0, 0
4492, 2246, 14590, 226, 0, 0
4494, 2247, 14596, 226, 0, 0
4496, 2248, 14582, 226, 0, 0
4498, 2249, 14583, 226, 0, 0
4500, 2250, 14584, 226, 0, 0
4502, 2251, 14588, 226, 0, 0
4504, 2252, 14599, 226, 0, 0
4506, 2253, 14585, 226, 0, 0
4508, 2254, 14585, 226, 0, 0
4510, 2255, 14586, 226, 0, 0
4512, 2256, 14592, 226, 0, 0
4514, 2257, 14599, 226, 0, 0
4516, 2258, 14587, 226, 0, 0
4518, 2259, 14601, 226, 0, 0
4520, 2260, 14596, 226, 0, 0
4522, 2261, 14597, 226, 0, 0
4524, 2262, 14596, 227, 0, 0
4526, 2263, 14577, 229, 0, 0
4528, 2264, 14587, 226, 0, 0
4530, 2265, 14586, 226, 0, 0
4532, 2266, 14594, 226, 0, 0
4534, 2267, 14599, 226, 0, 0
4536, 2268, 14587, 226, 0, 0
4538, 2269, 14587, 226, 0, 0
4540, 2270, 14588, 226, 0, 0
4542, 2271, 14593, 226, 0, 0
4544, 2272, 14603, 226, 0, 0
4546, 2273, 14593, 226, 0, 0
4548, 2274, 14594, 226, 0, 0
4550, 2275, 14592, 226, 0, 0
4552, 2276, 14597, 226, 0, 0
4554, 2277, 14607, 226, 0, 0
4556, 2278, 14596, 226, 0, 0
4558, 2279, 14596, 226, 0, 0
4560, 2280, 14596, 226, 0, 0
4562, 2281, 14599, 226, 0, 0
4564, 2282, 14606, 226, 0, 0
4566, 2283, 14610, 228, 0, 0
4568, 2284, 14596, 226, 0, 0
4570, 2285, 14597, 226, 0, 0
4572, 2286, 14601, 226, 0, 0
4574, 2287, 14606, 226, 0, 0
4576, 2288, 14613, 226, 0, 0
4578, 2289, 14601, 226, 0, 0
4580, 2290, 14603, 226, 0, 0
4582, 2291, 14600, 226, 0, 0
4584, 2292, 14616, 226, 0, 0
4586, 2293, 14616, 226, 0, 0
4588, 2294, 14598, 226, 0, 0
4590, 2295, 14600, 226, 0, 0
4592, 2296, 14600, 226, 0, 0
4594, 2297, 14607, 226, 0, 0
4596, 2298, 14614, 226, 0, 0
4598, 2299, 14604, 226, 0, 0
4600, 2300, 14605, 226, 0, 0
4602, 2301, 14607, 226, 0, 0
4604, 2302, 14608, 226, 0, 0
4606, 2303, 14614, 226, 0, 0
4608, 2304, 14622, 226, 0, 0
4610, 2305, 14605, 226, 0, 0
4612, 2306, 14608, 226, 0, 0
4614, 2307, 14608, 226, 0, 0
4616, 2308, 14615, 226, 0, 0
4618, 2309, 14624, 226, 0, 0
4620, 2310, 14611, 226, 0, 0
4622, 2311, 14610, 226, 0, 0
4624, 2312, 14610, 226, 0, 0
4626, 2313, 14617, 226, 0, 0
4628, 2314, 14622, 226, 0, 0
4630, 2315, 14612, 226, 0, 0
4632, 2316, 14613, 226, 0, 0
4634, 2317, 14614, 226, 0, 0
4636, 2318, 14617, 226, 0, 0
4638, 2319, 14623, 226, 0, 0
4640, 2320, 14628, 226, 0, 0
4642, 2321, 14614, 226, 0, 0
4644, 2322, 14615, 226, 0, 0
4646, 2323, 14622, 226, 0, 0
4648, 2324, 14631, 226, 0, 0
4650, 2325, 14631, 226, 0, 0
4652, 2326, 14612, 227, 0, 0
4654, 2327, 14617, 226, 0, 0
4656, 2328, 14615, 226, 0, 0
4658, 2329, 14618, 226, 0, 0
4660, 2330, 14626, 226, 0, 0
4662, 2331, 14632, 226, 0, 0
4664, 2332, 14615, 226, 0, 0
4666, 2333, 14615, 226, 0, 0
4668, 2334, 14618, 226, 0, 0
4670, 2335, 14624, 226, 0, 0
4672, 2336, 14634, 226, 0, 0
4674, 2337, 14621, 226, 0, 0
4676, 2338, 14622, 226, 0, 0
4678, 2339, 14620, 226, 0, 0
4680, 2340, 14626, 226, 0, 0
4682, 2341, 14635, 226, 0, 0
4684, 2342, 14624, 226, 0, 0
4686, 2343, 14622, 226, 0, 0
4688, 2344, 14624, 226, 0, 0
4690, 2345, 14626, 226, 0, 0
4692, 2346, 14636, 226, 0, 0
4694, 2347, 14639, 226, 0, 0
4696, 2348, 14624, 226, 0, 0
4698, 2349, 14625, 226, 0, 0
4700, 2350, 14627, 226, 0, 0
4702, 2351, 14631, 226, 0, 0
4704, 2352, 14638, 226, 0, 0
4706, 2353, 14629, 226, 0, 0
4708, 2354, 14630, 226, 0, 0
4710, 2355, 14627, 226, 0, 0
4712, 2356, 14638, 226, 0, 0
4714, 2357, 14639, 226, 0, 0
4716, 2358, 14639, 226, 0, 0
4718, 2359, 14628, 226, 0, 0
4720, 2360, 14628, 226, 0, 0
4722, 2361, 14630, 226, 0, 0
4724, 2362, 14635, 226, 0, 0
4726, 2363, 14642, 226, 0, 0
4728, 2364, 14648, 226, 0, 0
4730, 2365, 14633, 226, 0, 0
4732, 2366, 14633, 226, 0, 0
4734, 2367, 14634, 226, 0, 0
4736, 2368, 14640, 226, 0, 0
4738, 2369, 14645, 226, 0, 0
4740, 2370, 14636, 226, 0, 0
4742, 2371, 14635, 226, 0, 0
4744, 2372, 14635, 226, 0, 0
4746, 2373, 14640, 226, 0, 0
4748, 2374, 14647, 226, 0, 0
4750, 2375, 14652, 226, 0, 0
4752, 2376, 14638, 226, 0, 0
4754, 2377, 14639, 226, 0, 0
4756, 2378, 14638, 226, 0, 0
4758, 2379, 14641, 226, 0, 0
4760, 2380, 14651, 226, 0, 0
4762, 2381, 14641, 226, 0, 0
4764, 2382, 14641, 226, 0, 0
4766, 2383, 14640, 226, 0, 0
4768, 2384, 14641, 226, 0, 0
4770, 2385, 14648, 226, 0, 0
4772, 2386, 14655, 226, 0, 0
4774, 2387, 14649, 226, 0, 0
4776, 2388, 14651, 226, 0, 0
4778, 2389, 14645, 226, 0, 0
4780, 2390, 14642, 227, 0, 0
4782, 2391, 14652, 226, 0, 0
4784, 2392, 14658, 226, 0, 0
4786, 2393, 14641, 226, 0, 0
4788, 2394, 14643, 226, 0, 0
4790, 2395, 14641, 226, 0, 0
4792, 2396, 14646, 226, 0, 0
4794, 2397, 14655, 226, 0, 0
4796, 2398, 14660, 226, 0, 0
4798, 2399, 14643, 226, 0, 0
4800, 2400, 14647, 226, 0, 0
4802, 2401, 14647, 226, 0, 0
4804, 2402, 14654, 226, 0, 0
4806, 2403, 14659, 226, 0, 0
4808, 2404, 14648, 226, 0, 0
4810, 2405, 14651, 226, 0, 0
4812, 2406, 14649, 226, 0, 0
4814, 2407, 14651, 226, 0, 0
4816, 2408, 14658, 226, 0, 0
4818, 2409, 14664, 226, 0, 0
4820, 2410, 14651, 226, 0, 0
4822, 2411, 14652, 226, 0, 0
4824, 2412, 14651, 226, 0, 0
4826, 2413, 14655, 226, 0, 0
4828, 2414, 14662, 226, 0, 0
4830, 2415, 14667, 226, 0, 0
4832, 2416, 14654, 226, 0, 0
4834, 2417, 14655, 226, 0, 0
4836, 2418, 14656, 226, 0, 0
4838, 2419, 14657, 226, 0, 0
4840, 2420, 14672, 226, 0, 0
4842, 2421, 14673, 226, 0, 0
4844, 2422, 14652, 226, 0, 0
4846, 2423, 14654, 226, 0, 0
4848, 2424, 14653, 226, 0, 0
4850, 2425, 14660, 226, 0, 0
4852, 2426, 14666, 226, 0, 0
4854, 2427, 14673, 226, 0, 0
4856, 2428, 14658, 226, 0, 0
4858, 2429, 14659, 226, 0, 0
4860, 2430, 14659, 226, 0, 0
4862, 2431, 14664, 226, 0, 0
4864, 2432, 14670, 226, 0, 0
4866, 2433, 14675, 226, 0, 0
4868, 2434, 14661, 226, 0, 0
4870, 2435, 14661, 226, 0, 0
4872, 2436, 14661, 226, 0, 0
4874, 2437, 14669, 226, 0, 0
4876, 2438, 14675, 226, 0, 0
4878, 2439, 14680, 226, 0, 0
4880, 2440, 14664, 226, 0, 0
4882, 2441, 14665, 226, 0, 0
4884, 2442, 14663, 226, 0, 0
4886, 2443, 14667, 226, 0, 0
4888, 2444, 14677, 226, 0, 0
4890, 2445, 14666, 226, 0, 0
4892, 2446, 14667, 226, 0, 0
4894, 2447, 14666, 226, 0, 0
4896, 2448, 14665, 226, 0, 0
4898, 2449, 14672, 226, 0, 0
4900, 2450, 14679, 226, 0, 0
4902, 2451, 14675, 226, 0, 0
4904, 2452, 14676, 226, 0, 0
4906, 2453, 14670, 226, 0, 0
4908, 2454, 14664, 227, 0, 0
4910, 2455, 14674, 226, 0, 0
4912, 2456, 14680, 226, 0, 0
4914, 2457, 14684, 226, 0, 0
4916, 2458, 14666, 226, 0, 0
4918, 2459, 14667, 226, 0, 0
4920, 2460, 14667, 226, 0, 0
4922, 2461, 14673, 226, 0, 0
4924, 2462, 14680, 226, 0, 0
4926, 2463, 14686, 226, 0, 0
4928, 2464, 14672, 226, 0, 0
4930, 2465, 14672, 226, 0, 0
4932, 2466, 14673, 226, 0, 0
4934, 2467, 14677, 226, 0, 0
4936, 2468, 14684, 226, 0, 0
4938, 2469, 14693, 226, 0, 0
4940, 2470, 14675, 226, 0, 0
4942, 2471, 14675, 226, 0, 0
4944, 2472, 14675, 226, 0, 0
4946, 2473, 14680, 226, 0, 0
4948, 2474, 14686, 226, 0, 0
4950, 2475, 14690, 226, 0, 0
4952, 2476, 14675, 226, 0, 0
4954, 2477, 14675, 226, 0, 0
4956, 2478, 14678, 226, 0, 0
4958, 2479, 14681, 226, 0, 0
4960, 2480, 14688, 226, 0, 0
4962, 2481, 14695, 226, 0, 0
4964, 2482, 14682, 226, 0, 0
4966, 2483, 14679, 226, 0, 0
4968, 2484, 14688, 226, 0, 0
4970, 2485, 14685, 226, 0, 0
4972, 2486, 14685, 226, 0, 0
4974, 2487, 14693, 226, 0, 0
4976, 2488, 14679, 226, 0, 0
4978, 2489, 14681, 226, 0, 0
4980, 2490, 14681, 226, 0, 0
4982, 2491, 14683, 226, 0, 0
4984, 2492, 14690, 226, 0, 0
4986, 2493, 14698, 226, 0, 0
4988, 2494, 14684, 226, 0, 0
4990, 2495, 14684, 226, 0, 0
4992, 2496, 14684, 226, 0, 0
4994, 2497, 14683, 226, 0, 0
4996, 2498, 14692, 226, 0, 0
4998, 2499, 14697, 226, 0, 0
5000, 2500, 14703, 226, 0, 0
5002, 2501, 14688, 226, 0, 0